1	0.3910537029590382
2	0.5474882912344373
3	0.32222527190628253
4	0.2376589145991732
5	0.6015359992807906
6	0.39571902575876805
7	0.6658401391017783
8	0.3866123353632472
9	0.43327886144611927
10	0.32721932158056743
11	0.3544556287887965
12	0.42330585224162665
13	0.38826732494071237
14	0.390267369364911
15	0.286732214132546
16	0.6242723935058498
17	0.5860735792990494
18	0.3789561571187702
19	0.3846197965715472
20	0.3564615132444303
21	0.8007912118421021
22	0.45586835626806155
23	0.3535465015966347
24	0.34771567096491734
25	0.26116046114424646
26	0.7187185176380667
27	0.36847435087728353
28	0.5083799030860742
29	0.32000167963052417
30	0.33096389131796017
31	0.3857156991099341
32	0.41920411604018676
33	0.6372401025546635
34	0.3482355153877273
35	0.6013838784891165
36	0.37442299919405586
37	0.306477870905128
38	0.3725863315858291
39	0.308399722245169
40	0.7881524016120209
41	0.2897323707805899
42	0.41789933922237266
43	0.3554024617120287
44	0.29058186850126383
45	0.33222204898472496
46	0.3307754131362725
47	0.42227767774911706
48	0.2809517845889298
49	0.4028967498758728
50	0.5748537494367584
