101	0.3242976553522879
102	0.3521304549866967
103	0.21329774997848033
104	0.3309237727460005
105	0.28918227885164477
106	0.21364987047747225
107	0.7110437116729795
108	0.20248825485335878
109	0.23812536020287003
110	0.16271263282302606
111	0.21407057477649144
112	0.19252474177230341
113	0.5802492004557324
114	0.2151454181442701
115	0.83110386170817
116	0.3231339683367206
117	0.18778364379169515
118	0.2333374563571648
119	0.383498372628961
120	0.6150298800034111
121	0.4581187323447173
122	0.767113077057909
123	0.23268831511159158
124	0.31171806984384137
125	0.29618401135489003
126	0.2789379773153536
127	0.47636157853839045
128	0.7682103057068657
129	0.3149480423093497
130	0.24059111125963767
131	0.43989314839270277
132	0.32714850043366556
133	0.23367444973376061
134	0.22347600404528375
135	0.6038133522417065
136	0.5646701363289536
137	0.3203245152073686
138	0.30124451416063097
139	0.47416319230694326
140	0.5777530798055039
166	0.5661700639723233
167	0.4515562519751518
168	0.32014936777421765
169	0.40775977288200915
170	0.5692827937953041
171	0.2741898544485678
172	0.33410964246083086
173	0.2336834843824446
174	0.23677261713826794
175	0.451297282484143
