1	0.23093301789407317
2	0.4106214153318823
3	0.4279897515692742
4	0.3950273917462079
5	0.4183045074372185
6	0.32206219207404485
7	0.4248767479219121
8	0.33215751281187916
9	0.3629850399472684
10	0.292099731809593
11	0.2745906644928689
12	0.5818809269697162
13	0.31475303744666483
14	0.38527482823864956
15	0.2862000917413599
16	0.2877144608911711
17	0.3202020921775929
18	0.20540990628836314
19	0.31453950800547903
20	0.4821656415076543
21	0.3645539596710733
22	0.3445557778124892
23	0.21493838394405826
24	0.38715497534746446
25	0.21312384122978295
26	0.3388851613055473
27	0.1860569370082319
28	0.3866345498044191
29	0.33826345613281494
30	0.2615162070772824
31	0.3668143514610379
32	0.2992427409560109
33	0.29266703688062373
34	0.39117493167038847
35	0.29394932856137956
36	0.467989674368816
37	0.6637354978137175
38	0.29812297309315167
39	0.28528956930625393
40	0.7136949407353745
41	0.39142825938814624
42	0.27205743347095496
43	0.27471319194472577
44	0.41780297648011083
45	0.3180992278215962
46	0.4187021130461586
47	0.5024190548014102
48	0.34418120358269116
49	0.19755738958843436
50	0.29584949686187545
51	0.5834045578301581
52	0.6263029520654709
53	0.4992820250784725
54	0.4821638387142985
55	0.34255322224020035
56	0.4352357694181731
57	0.4883027783963634
58	0.48331927357695126
59	0.6371949903392404
60	0.4031955867476231
61	0.28375743679479676
62	0.285653234941069
63	0.2653434265190142
64	0.41720046038087794
65	0.5850794715194704
66	0.49637552383220707
67	0.3149751325534529
68	0.3845161140605595
69	0.27629536693637236
70	0.2918308735791818
71	0.3000401615495247
72	0.18349837482599743
73	0.1964771883363998
74	0.1993803186683193
75	0.21849861855400704
76	0.21948149481276022
77	0.47236891602237974
78	0.22461418492807192
79	0.22955951110013614
80	0.2762435077862906
81	0.2915005675037438
82	0.4679113528209909
83	0.7571653308388478
84	0.35429684303454445
85	0.7805831870166834
86	0.2799303728653534
87	0.4822698302123822
88	0.4347609660766003
89	0.3460887452407091
90	0.4717104601360618
91	0.3065072062311784
92	0.21129059626359475
93	0.2809839563506957
94	0.19888939288368723
95	0.37369535162423473
96	0.29442709744679263
97	0.29797365369132855
98	0.29741040800053303
99	0.2443820924824493
100	0.33196550765394667
141	0.4119343654785708
142	0.4005702275015411
143	0.26833362493638246
144	0.22044455634882293
145	0.5568234779099035
146	0.35860155527589005
147	0.2892168828666168
148	0.2849648482068342
149	0.25903854818074246
150	0.24803802431665406
151	0.4842439184495488
152	0.2673051962487715
153	0.22832718881254915
154	0.4170705336931847
155	0.27199292409995807
156	0.4539668888166565
157	0.4905973526249775
158	0.40359521881334287
159	0.4000783283434578
160	0.3826448365148169
161	0.3637402208473074
162	0.3915653002427329
163	0.5094024641550184
164	0.2363256370371476
165	0.24101598743527033
