1	0.9434589800443459
2	0.9515580131936361
3	0.6739130434782609
4	1
5	0.9094925163511896
6	1.0
7	1
8	1.0
9	0.9210526315789472
10	0.8203200568990043
11	0.6967060717060718
12	0.8854941601189212
13	0.8833222550709816
14	0.8390469416785205
15	0.7178769213982096
16	1.0
17	1.0
18	0.8803679647531153
19	0.9700664057039005
20	0.7236317857686064
21	0.8338315217391304
22	0.9551282051282052
23	0.8290376950805868
24	0.8644971871019482
25	0.7992127666352665
26	0.2731764217314833
27	0.8529418582434192
28	1.0
29	0.8950472139081725
30	0.6543849246817377
31	0.8800348204110919
32	0.8874641609231666
33	0.81294061302682
34	0.9
35	0.7351142780846377
36	0.9095925381301854
37	1.0
38	0.9160967741935483
39	0.99
40	0.9600322754168907
41	0.9166666666666667
42	0.9949999999999999
43	0.9300260193663131
44	0.9146313197773065
45	0.9661944045911047
46	0.8035408460839267
47	0.848338746743002
48	0.9730010893246188
49	1.0
50	0.9518414454914843
51	0.7
52	1.0
53	1
54	0.9257681495355342
55	0.9142105263157895
56	0.7196979876513742
57	0.8580294644218556
58	1.0
59	0.9153890279516061
60	0.9382237827564547
61	0.9196969696969697
62	0.89
63	1
64	0.9030774365821094
65	0.6396372652708356
66	0.8041023824475101
67	0.7774629617415714
68	0.8924085255621008
69	0.902027027027027
70	0.7900323558883665
71	0.865173258488168
72	0.6689534103104745
73	0.806229451637771
74	0.8329565217391306
75	0.86
76	0.5344272844272845
77	0.846981838649917
78	0.859375
79	0.7817780557217178
80	0.8008925375805297
81	0.9411411521413958
82	0.9107142857142858
83	0.8777544031311155
84	1.0
85	0.9160967741935483
86	0.7510881357156143
87	0.99
88	0.9514641744548286
89	0.9672553191489361
90	0.9564641744548286
91	1.0
92	0.6477556765598887
93	1.0
94	0.8812036446799864
95	0.9056756756756756
96	0.9520245398773005
97	0.99
98	1.0
99	0.9104241592196104
100	0.9066666666666668
141	0.8351970404348762
142	1
143	1.0
144	0.9473279268039093
145	1
146	1.0
147	0.625156623426116
148	0.8550724637681159
149	0.8410700189841351
150	1.0
151	0.7933925609337857
152	0.9016902268840428
153	0.9147058823529411
154	0.7393190694430914
155	0.860142934431732
156	0.9614819759679574
157	0.9062896371363192
158	0.9071428571428571
159	0.8409534380060686
160	0.9949999999999999
161	0.9563933626159102
162	0.9949999999999999
163	1.0
164	0.9474246007475118
165	0.9
