101	0.8451235536773163
102	0.913423220084101
103	0.8959915677243989
104	0.8993040609326749
105	0.9416425466057651
106	0.9043464592555494
107	0.9094320497948212
108	0.9484810289917176
109	0.831882202490035
110	0.8884978970685072
111	0.8097981740546663
112	0.931437537095777
113	0.8515183611791114
114	0.9173209023063607
115	0.8648714124308591
116	0.884015806390202
117	0.8511536972852548
118	0.8425541812591633
119	0.9171015870521362
120	0.8900408066377326
121	0.6666666666666666
122	0.9833333333333334
123	1.0
124	1.0
125	0.9503577028616229
126	0.9156429156429157
127	1.0
128	1.0
129	1.0
130	1.0
131	0.8514694118882725
132	1.0
133	1.0
134	1.0
135	1.0
136	1.0
137	1.0
138	1.0
139	1.0
140	1.0
166	0.8418770991178194
167	0.8559052773791913
168	0.8334671801840724
169	0.8959092181115554
170	0.9314343700380578
171	0.8605412027528555
172	1.0
173	1.0
174	1.0
175	0.6666666666666666
