1	0.7882107533813242
2	0.8434604211826429
3	0.9403908167682742
4	0.88042008176444
5	0.9013177927210047
6	0.8518161190594947
7	0.7399141059572508
8	0.8792449937800936
9	0.8280701754385965
10	0.8953464504898464
11	0.5909473014028749
12	0.8231279845618092
13	0.739995729522605
14	0.8810116487075627
15	0.7038179221943781
16	0.9988888888888889
17	0.9068448692363678
18	0.8600601156737868
19	0.8724929821516277
20	0.8143982930811144
21	0.7124324709737324
22	0.9551282051282052
23	0.8153601822674306
24	0.8468767893445316
25	0.7293776431004264
26	0.6069700643715216
27	0.745588498814274
28	0.7068965517241379
29	0.8236646954228055
30	0.5912709562662036
31	0.8703964986487686
32	0.8901489498722917
33	0.7432703044342082
34	0.8945984082377422
35	0.8304975490559505
36	0.7828312690381105
37	0.9438179996076302
38	0.8791451355353548
39	0.9314225617836952
40	0.8203524340475224
41	0.8430949152425105
42	0.9137269671665073
43	0.9370175191439928
44	0.7946731310340698
45	0.8168824116704119
46	0.8690272307226177
47	0.7997810677241006
48	0.8483525594199169
49	0.738524832973365
50	0.7874465839035228
51	0.860631634186867
52	0.7834860909476836
53	0.8556804188117035
54	0.8820198006613152
55	0.9523661093617234
56	0.8617072191015528
57	0.8553165273669954
58	1.0
59	0.9205533277140644
60	0.859129334490573
61	0.9799326599326599
62	0.9618342151675484
63	0.7525426846802802
64	0.8311307066999492
65	0.7873739844318238
66	0.7333352568789786
67	0.8650625332064468
68	0.9328265257844914
69	0.8545374863652477
70	0.8265359885047505
71	0.850049452337836
72	0.6689534103104745
73	0.7432821209679994
74	0.7525088748791887
75	0.8056577202416869
76	0.37851983970868186
77	0.9079852478532863
78	0.859375
79	0.7914206478382949
80	0.8191102771988776
81	0.915909429824711
82	0.8627115499422027
83	0.8953232266817037
84	0.9083683772156032
85	0.8433514978657474
86	0.8498922757267839
87	0.9358647203875863
88	0.9166856035975223
89	0.874267947272769
90	0.9184274614365613
91	0.8740976829043305
92	0.8733578078700259
93	0.9104923745413007
94	0.7245869797515132
95	0.8907245083235726
96	0.8919918265967743
97	0.8949794576464187
98	0.9075447707379036
99	0.8422525793008294
100	0.977037037037037
141	0.8658097273903291
142	0.8705513013956997
143	0.953935238434929
144	0.9506084210934709
145	0.6603046308606895
146	0.24130006282877486
147	0.7466509687258815
148	0.8765822944074241
149	0.8095074713679774
150	0.9215413401865777
151	0.7983223133497965
152	0.8463554867783674
153	0.8932059405767075
154	0.8838548989945175
155	0.8600725570849027
156	0.8413408602676756
157	0.9611748704058282
158	0.9286741185023628
159	0.8952032117909383
160	0.9621685856979975
161	0.8697726315015996
162	0.8880875202948575
163	0.9240740647771039
164	0.8920826148222761
165	0.9574437637035011
