1	0.980107808336162
2	0.9330814928832993
3	0.9521096528066765
4	0.9632884340988309
5	0.8802732580971879
6	0.9249301712145593
7	0.9390628782955667
8	0.9543691718202449
9	0.9467956805029313
10	0.934145544506246
11	0.9532018520240727
12	0.8158988903421612
13	0.858248340524625
14	0.8903614844798461
15	0.9455307931616671
16	0.9668947279858076
17	0.9816166022362852
18	0.9749088921847278
19	0.7666075003777237
20	0.9388565447928938
21	0.9391587153827443
22	0.8528290834294794
23	0.9890297059262576
24	0.9557495455635896
25	0.957675814600946
26	0.9474994923265041
27	0.9857071618251881
28	0.816713235986882
29	0.961725383920506
30	0.9788152803235287
31	0.8741909967327953
32	0.9685963671731935
33	0.96280848072861
34	0.9481091181530051
35	0.8482748239971089
36	0.9495854391585469
37	0.9468398305902994
38	0.9716144405662754
39	0.9682574161583517
40	0.8997843953395598
41	0.981871871871872
42	0.9556748255401544
43	0.9734890391523633
44	0.9788116926839636
45	0.9609402094804511
46	0.9123207587531693
47	0.9392599999753165
48	0.8655909775845301
49	0.9101232433768849
50	0.9276304706823969
