101	0.8682773127007153
102	0.8229697793546913
103	0.7358817315459747
104	0.8294207032530048
105	0.89
106	1.0
107	0.7065286144578314
108	1.0
109	0.9020326587226531
110	0.8107330224474895
111	0.7887234600559776
112	0.7404830458362137
113	0.914225430881082
114	1.0
115	0.9143615520260828
116	0.9429474548440065
117	0.6372495718547769
118	0.882734150312575
119	0.9491483663631495
120	0.8781527007190368
121	0.967527559055118
122	0.9465837104072399
123	0.9519453642384106
124	0.9096476258240964
125	0.9420804833440162
126	0.8690405950636894
127	0.03770006305563447
128	0.8813795594601203
129	1.0
130	0.854209709942609
131	0.729771986970684
132	0.9287076892253598
133	0.9664396305853593
134	0.8315293012312492
135	0.9162654494419483
136	0.9949999999999999
137	0.4663966532602671
138	0.11449789354338084
139	0.4230858919369629
140	0.9949999999999999
166	0.9012915223484761
167	0.8790426123660533
168	0.8723378313875495
169	0.9582165856547837
170	1.0
171	0.8149315347283339
172	1.0
173	0.9787315823190262
174	0.8949999999999999
175	0.985
