101	0.16927704177880376
102	0.18136066831613526
103	0.16140900968043817
104	0.12800013446776942
105	0.22501940723935449
106	0.12717288792592926
107	0.2268178333582805
108	0.29106531814070696
109	0.1902482630301525
110	0.21667457133651968
111	0.15168539864360686
112	0.2022573254912227
113	0.23660936454287854
114	0.1389246267876435
115	0.2051649933876945
116	0.16396342476688258
117	0.16707569857184174
118	0.23788832574259536
119	0.19470919266246822
120	0.21204525105365457
121	0.29137550146477026
122	0.20384026313597065
123	0.2506524635240642
124	0.21575187832039527
125	0.3004199016897611
126	0.2703901028195813
127	0.2577160139709783
128	0.24026554115223112
129	0.2990718497378169
130	0.22778051169593888
131	0.20862633415750304
132	0.2352840297658402
133	0.17807204628570134
134	0.2850719117243441
135	0.3189731057192977
136	0.2466746463145369
137	0.29736031880401353
138	0.24156079183813342
139	0.2471144391729368
140	0.29603586106492685
166	0.1949128744871909
167	0.15415284789669012
168	0.13094668934896533
169	0.17302936663295695
170	0.2163696710947895
171	0.33989541129191947
172	0.20610470073828666
173	0.21503705107140472
174	0.21608356388283684
175	0.23307495334642697
