1	0.2591443484186144
2	0.6054705993752358
3	0.29092057740148447
4	0.4045476817511775
5	0.3441020310076318
6	0.34852642522306443
7	0.2887636188035908
8	0.4331602419903843
9	0.3388776262031513
10	0.3889893785336627
11	0.2658779804342817
12	0.3577264910002694
13	0.2892382027829601
14	0.31168834877642654
15	0.26515319216255434
16	0.35924302406725883
17	0.22085618126660017
18	0.2880647411347148
19	0.2820057201652661
20	0.4108116424782204
21	0.24063492237598474
22	0.2545284293585844
23	0.3625740813307117
24	0.30506661230152393
25	0.36477818987446264
26	0.38046724550291944
27	0.34184727406508914
28	0.3489678409967646
29	0.3230294422935065
30	0.4881866595080167
31	0.42498790178219176
32	0.4370191347749323
33	0.38403983483077675
34	0.24947761257791035
35	0.41022062941214094
36	0.4578362375785149
37	0.3504194196252604
38	0.630965614122617
39	0.33598451384244565
40	0.2263753917744909
41	0.44167755309649603
42	0.3551542986733007
43	0.53362561977059
44	0.31864928697311357
45	0.4708073939362901
46	0.2538746735807816
47	0.3459394779118182
48	0.362356606870157
49	0.4016084541394572
50	0.30853757804543663
