1	0.29309443682732395
2	0.210206424606904
3	0.2706082053178239
4	0.2826713779154902
5	0.3030138171101963
6	0.29248201149333375
7	0.27244759214555553
8	0.35984042514895803
9	0.30558754881344813
10	0.36980515241247264
11	0.3218393389346558
12	0.31007937360906657
13	0.2526657803536943
14	0.23519860785398317
15	0.3362081018067372
16	0.4718440552141399
17	0.29716076735580643
18	0.31253703297522106
19	0.3110292772409792
20	0.30534768037785537
21	0.3000805471200602
22	0.3486512040951813
23	0.27020723230564336
24	0.2761525045118591
25	0.211372093359592
26	0.38705135936398294
27	0.20244821536417107
28	0.3816088749932145
29	0.19845534398344963
30	0.22407376892993727
31	0.26867833542899494
32	0.2915557954205009
33	0.2935787815400409
34	0.2699086243762791
35	0.3992849418599861
36	0.27819772490223155
37	0.4352045782044083
38	0.2766320318199337
39	0.32430980741821447
40	0.3627239380555596
41	0.2946790838434185
42	0.36027415272979524
43	0.4218270528035693
44	0.40893115030675387
45	0.27298569458874433
46	0.27539584381707194
47	0.3025609854672603
48	0.3203747172765706
49	0.38525221175076785
50	0.22874570641466888
51	0.33642829758147397
52	0.33275612742938265
53	0.30821325637271635
54	0.2922125663900003
55	0.24221465944999834
56	0.39895192877843005
57	0.4358695876436252
58	0.3537998260689923
59	0.2989038226461424
60	0.3221991412150802
61	0.2697461965584991
62	0.3499300387280195
63	0.37804802959138867
64	0.22012787447088486
65	0.262512015068998
66	0.26069229845842407
67	0.30402541362819596
68	0.33646377685560197
69	0.26262054019684383
70	0.2959631474066065
71	0.27690097602834585
72	0.18940998949695032
73	0.20114162165878574
74	0.26039904039354256
75	0.3325188617130122
76	0.2758396592244468
77	0.2807789179742772
78	0.16468600526102747
79	0.2215187429037087
80	0.3399268217567367
81	0.3622627807945415
82	0.4491632941980957
83	0.30232710332802937
84	0.3182408824510252
85	0.31486456351534853
86	0.2895694167663507
87	0.32055121101507694
88	0.28143512591921926
89	0.39615910835478746
90	0.2451449354732389
91	0.24077104439188549
92	0.275757847803714
93	0.2800499843817821
94	0.23435419816688166
95	0.3196824919710123
96	0.28203132816111937
97	0.36863979480257364
98	0.35226548378388056
99	0.2689105107611754
100	0.22760653852149879
141	0.38402283100532036
142	0.3228694419608158
143	0.2700532386483036
144	0.27240899562083853
145	0.31426772888823795
146	0.2694094043987673
147	0.2933075942520912
148	0.28986126653334277
149	0.23869923238301788
150	0.28339671780076237
151	0.3155082924121527
152	0.3467925633281164
153	0.22450432796570918
154	0.2239834409969407
155	0.2559398129306481
156	0.27695856161301546
157	0.3573252049975606
158	0.2215524950088321
159	0.29415157406382814
160	0.25437654535659177
161	0.3130545610217173
162	0.35890883814494595
163	0.30377731408975667
164	0.22946270396691942
165	0.42478628160452936
