101	0.21728526039429066
102	0.28578405096038006
103	0.2382907788136223
104	0.15889315562939432
105	0.44388807274791225
106	0.20603505110816434
107	0.2649607696718838
108	0.2354976809499522
109	0.2236391215682015
110	0.2639924386580035
111	0.27549540758888746
112	0.15145318714668593
113	0.2610992511189959
114	0.19282785261199978
115	0.2970933153178382
116	0.20170186798289433
117	0.24621376825080424
118	0.20441211153263725
119	0.22375997307738246
120	0.29187699840045345
121	0.3938607050681234
122	0.2469608972780666
123	0.37835850990301567
124	0.40582529281407276
125	0.3865994460292074
126	0.4830788902453145
127	0.4422286233971205
128	0.43765439197000255
129	0.5738585436545964
130	0.4336840458455394
131	0.393825833011683
132	0.3987765502762794
133	0.38929184616323725
134	0.4075650034950503
135	0.3537761596200154
136	0.5300599589371685
137	0.40599046387669746
138	0.480896093145533
139	0.4410893209082816
140	0.30247158435158394
166	0.22899403492479892
167	0.16001770602892432
168	0.26528169836545895
169	0.16614794314684872
170	0.1725731693171
171	0.34955965739396466
172	0.3993348064874953
173	0.37483234589567593
174	0.42239888146819193
175	0.3358946430299973
