101	0.9294326665803688
102	0.8381612330445442
103	0.9005081666226703
104	0.9454635792312478
105	0.7982951493417418
106	0.9283636588413132
107	0.9394304463719106
108	0.9044149369273089
109	0.8930540058649987
110	0.9192319342275158
111	0.9001878696520629
112	0.9398281585627808
113	0.9386865353001107
114	0.9464353864850924
115	0.9224507120878752
116	0.9403150936714753
117	0.8964722440616275
118	0.9192904771425626
119	0.9410999852316967
120	0.9287103323715132
121	0.9403975095785441
122	0.8911486700608956
123	0.9284212696059169
124	0.9362980794512394
125	0.9075722720199647
126	0.9308345951468538
127	0.9330520554419599
128	0.9065451457435464
129	0.8704666707491527
130	0.9086586194853541
131	0.9446476792929623
132	0.920923860339397
133	0.9417633406374146
134	0.9371988692131529
135	0.8793376519725986
136	0.9868077455048411
137	0.9416848118902215
138	0.947401799756389
139	0.9542505890677385
140	0.9146153846153848
166	0.8943023362506188
167	0.9415822303143083
168	0.9084863822484261
169	0.9753589993502274
170	0.9377226733045537
171	0.9281841106265735
172	0.9299462724132603
173	0.9603030303030302
174	0.9295811255934692
175	0.9021463681298237
