1	0.8949305391338126
2	0.48304510791766964
3	0.8832855833550703
4	0.8602270876725758
5	0.7187693616701498
6	0.8799372081781927
7	0.867585224638205
8	0.8260603230208126
9	0.9118380201716823
10	0.8242323482371158
11	0.7234348631973273
12	0.6778492701254495
13	0.8065203975526921
14	0.8897119535790645
15	0.7773282006769108
16	0.90581242564878
17	0.8732190214546453
18	0.8183231311314713
19	0.7322205783909599
20	0.8655555555555556
21	0.8566617540458991
22	0.8498161301075666
23	0.8310900060040392
24	0.8669239506588904
25	0.8660464942087578
26	0.8179559607728459
27	0.8645881011459202
28	0.7869278921258848
29	0.7710484292161154
30	0.7195591513830105
31	0.8395456396644827
32	0.8099642861843279
33	0.6975231771568156
34	0.8867600245256381
35	0.9112471655328799
36	0.8888451952367766
37	0.82456801892994
38	0.6808129775697861
39	0.8134853139348411
40	0.8344040258739434
41	0.9577777777777778
42	0.8598735510844234
43	0.8112288489880419
44	0.8937984496124031
45	0.5625105229827854
46	0.717996769975613
47	0.8957240109830518
48	0.8154907313366331
49	0.5632908445375705
50	0.5596615100272341
