1	0.8204793756655947
2	0.8444220577395772
3	0.8375698706535272
4	0.8991077130342987
5	0.8798011501710101
6	0.8781667621284849
7	0.8593346539291961
8	0.9214203777127068
9	0.784952255287286
10	0.8966281335132629
11	0.7566781162316556
12	0.812038996755417
13	0.7870149398149151
14	0.8574194153573598
15	0.7742394872167119
16	0.9759286350089935
17	0.931824663904012
18	0.9766442439492664
19	0.8526979166748242
20	0.7872754189675174
21	0.8383274639621779
22	0.8559414329478023
23	0.9410169014556522
24	0.9381267461852568
25	0.8997390978598638
26	0.8156132007499264
27	0.9823787363522464
28	0.7831417624521072
29	0.9576552287581699
30	0.9217126979954595
31	0.8887571242140375
32	0.8468773554588996
33	0.8586207467967981
34	0.9226167846704408
35	0.8311936082176411
36	0.9102963930496373
37	0.879143709071653
38	0.8909387651546349
39	0.9208393380743582
40	0.7657481354251877
41	0.9177862640317268
42	0.8961855276706217
43	0.9778040167578065
44	0.9576747340590657
45	0.894886245397838
46	0.7800806545561986
47	0.9319326326446548
48	0.8513542256243625
49	0.7894015779595377
50	0.9276974902062187
51	0.6754165253563745
52	0.858421044175341
53	0.8244178673446967
54	0.9294822130065153
55	0.9022593520839135
56	0.8875426206954965
57	0.9154379958562036
58	0.8567284878863826
59	0.831144283502346
60	0.9032440624459015
61	0.9755555555555557
62	0.9182539682539682
63	0.7710750455007311
64	0.903501418775092
65	0.7068595112641501
66	0.8506859513403934
67	0.9587332866042494
68	0.9733202797140649
69	0.9412990478292804
70	0.9070047303177111
71	0.9378741718994265
72	0.8861530191442193
73	0.9630261727740568
74	0.9125633000921363
75	0.9153673882287102
76	0.8710056708437763
77	0.982999386871084
78	0.9624688937855111
79	0.9455757678706549
80	0.8819929880225216
81	0.922510470784204
82	0.8627115499422024
83	0.8696406380337431
84	0.8408555839477152
85	0.893795727499392
86	0.9243178902866027
87	0.8973185783749669
88	0.9729742642214821
89	0.9119690407888025
90	0.9576939544500471
91	0.9489745846457909
92	0.9564810361086488
93	0.9157264957264957
94	0.9047976907634468
95	0.8908711697248378
96	0.864207321768122
97	0.863634871719978
98	0.9636903150024675
99	0.8897719938105453
100	0.9755555555555555
141	0.8993098485763458
142	0.8317131211868054
143	0.9242443177168415
144	0.9477777777777776
145	0.7461161825501558
146	0.883717549325026
147	0.8540198953546801
148	0.8863710670351665
149	0.9725127440951714
150	0.9604176892518789
151	0.8747449261344336
152	0.9656319092946082
153	0.9413333333333334
154	0.9723082202962743
155	0.9243961048475013
156	0.9182554654258106
157	0.9132780390217461
158	0.9645464376590331
159	0.894356794284228
160	0.9630991385836603
161	0.89577138959325
162	0.9228390644669714
163	0.9145177045177045
164	0.9186315705211814
165	0.9375691639246143
