1	0.9812327620173364
2	0.8406745343052181
3	0.6892548435171386
4	0.6843691926491844
5	0.9785600351380092
6	0.8243543179983858
7	0.6010823055625472
8	0.9
9	0.9949999999999999
10	0.9674750601995183
11	0.671490180249017
12	0.6509930817850755
13	0.8475260581387024
14	1.0
15	0.8
16	0.9
17	0.9056060606060606
18	1.0
19	0.7
20	0.8
21	0.7519114915596723
22	0.8467420212765958
23	0.9
24	1.0
25	0.8544388609715243
26	0.9
27	0.8728746639784946
28	0.9444220279459016
29	0.9
30	1.0
31	0.8906757673875753
32	0.8313169073916737
33	0.9862600822087793
34	0.9
35	0.6860114777618364
36	0.854901689282747
37	0.9
38	0.7870614485377944
39	1.0
40	0.7773488181814225
41	0.8
42	0.9705193699446573
43	0.9
44	0.9
45	0.9316356107660455
46	0.9
47	0.924876435854455
48	0.9032730453049993
49	0.6950000000000001
50	0.9454633204633204
