1	0.820316602712658
2	0.9243836185983514
3	0.907081602747086
4	0.9014908452062317
5	0.8694422140883117
6	0.9212186371237127
7	0.8542795438203042
8	0.5859217635669731
9	0.7684333791425785
10	0.9294134305212239
11	0.7872821225323393
12	0.806787093136119
13	0.7579469124541433
14	0.8629808238421126
15	0.7566314101434616
16	0.9375554892406127
17	0.892161483486013
18	0.897323214117945
19	0.8832684126832657
20	0.6680822390493052
21	0.8268717733591138
22	0.8686147829895735
23	0.9059830319543396
24	0.9274313905830035
25	0.8241540393089092
26	0.7098619833517669
27	0.8709579068810741
28	0.862868441002315
29	0.8709663640368155
30	0.6827848249001222
31	0.9032945012485796
32	0.8543489128195322
33	0.8106496387971416
34	0.9161677480976287
35	0.87670900005899
36	0.8816142036572354
37	0.9533333333333333
38	0.8734476193659424
39	0.9338639038726775
40	0.8552005548240623
41	0.8249060654857756
42	0.9485952343150486
43	0.9799606984195756
44	0.9670860880681016
45	0.8928482983559501
46	0.8086866299395634
47	0.6992737694325433
48	0.8944148000285916
49	0.8695842292369858
50	0.9197051821930583
51	0.8302573565247838
52	0.8249992511380807
53	0.9093805605163995
54	0.9767402056748359
55	0.9141935279136305
56	0.9450226582428344
57	0.9496406820588897
58	0.9633297297297297
59	0.9238643536533805
60	0.9281231399215802
61	0.909544538899697
62	0.8897910076300881
63	0.8896507430224212
64	0.7700954650546679
65	0.7986096257155494
66	0.6802281283392068
67	0.9097665190871421
68	0.8685500720459015
69	0.9629785234703268
70	0.8916578763361951
71	0.909840616321612
72	0.8701741831653831
73	0.7953146435169607
74	0.8279319227634032
75	0.8967007215620435
76	0.6270094565494732
77	0.921023867389602
78	0.9590277777777778
79	0.8783657158413947
80	0.9016562876858212
81	0.9356791915282481
82	0.8549910582081802
83	0.861577669289068
84	0.934040404040404
85	0.918169304678844
86	0.8512868970553844
87	0.9110157221137613
88	0.8719108848114039
89	0.8482075740180295
90	0.8813807884196472
91	0.807481285231313
92	0.9303378103378107
93	0.887367302562039
94	0.7664065993983039
95	0.8803707808448666
96	0.8847364470613787
97	0.8561139738611547
98	0.9692786482054123
99	0.8216020522977245
100	0.9296588959531739
141	0.8268651153214613
142	0.8986441178477086
143	0.876319249852533
144	0.969377178380227
145	0.8305185398311847
146	0.6175843010373276
147	0.817971423631971
148	0.8951923649366695
149	0.9068491548486256
150	0.9390449813843703
151	0.8997399074490456
152	0.8496080614799679
153	0.919010814628218
154	0.7876418436285673
155	0.8983309475383676
156	0.8137976387290288
157	0.9313976971414041
158	0.9048440567066521
159	0.9347509578544061
160	0.9158806737420071
161	0.8787299974987198
162	0.9524586024176187
163	0.9327357371494022
164	0.8798502330431429
165	0.939808310279975
