101	0.7078651685393258
102	0.7981651376146789
103	0.7583333333333334
104	0.23255813953488372
105	0.6031746031746031
106	0.8680851063829788
107	1.2
108	0.8081081081081081
109	1.0999999999999999
110	1.0909090909090908
111	1.173913043478261
112	0.17272727272727273
113	1.1198019801980197
114	0.8941176470588235
115	1.0994152046783627
116	1.2727272727272725
117	1.036036036036036
118	0.5333333333333333
119	0.8048780487804879
120	0.9333333333333333
121	1.0304455445544556
122	1.1325842696629214
123	0.6891677122542869
124	0.7286995515695067
125	0.749440715883669
126	0.8011494252873563
127	1.058077709611452
128	0.8213333333333335
129	0.7048458149779736
130	0.8011494252873563
131	0.7231083844580777
132	0.7983758700696056
133	0.7090909090909091
134	0.7662835249042145
135	0.9073170731707317
136	0.7307546226886557
137	0.8161073825503355
138	0.7571428571428571
139	0.7489361702127659
140	1.1790393013100438
166	0.8903225806451612
167	1.1945945945945946
168	0.22205438066465255
169	1.1538461538461537
170	1.621951219512195
171	0.8489082969432316
172	0.8626139817629179
173	0.8161073825503355
174	0.8161073825503355
175	0.9589519650655022
