1	0.8346958553006006
2	0.721214941122297
3	0.879651146187071
4	0.881562721043675
5	0.9275539457875669
6	0.9298792060907961
7	0.8759259768244849
8	0.8080868010918147
9	0.7933697241956795
10	0.7526603943275106
11	0.7826397349579182
12	0.7818136161522816
13	0.8943373900885956
14	0.6902152359203897
15	0.8833673613409612
16	0.8749048174644538
17	0.7706889552337117
18	0.9128615773738161
19	0.8103638132793046
20	0.5802902541734133
21	0.9340640497122304
22	0.9214525055950042
23	0.944707213514176
24	0.9254199864490432
25	0.9131915237582492
26	0.8994924718653907
27	0.8920144018229463
28	0.8989825851205784
29	0.9583803334448074
30	0.806479200306592
31	0.9585160447331319
32	0.9537039768450785
33	0.9428644460644547
34	1.0008550752488112
35	0.9152292893827503
36	0.8566290999521655
37	0.9305411455700585
38	0.9731496363357786
39	0.9421172216169993
40	0.874228148746806
41	0.8793484014319178
42	0.9047026311661556
43	0.8712190573505597
44	0.9174326785310277
45	0.8699746688221597
46	0.821684336728118
47	0.7744201813840543
48	0.8109378129910526
49	0.8448803582185737
50	0.8353716347587624
51	0.7504614667544096
52	0.8812530317560416
53	0.917344795571772
54	0.9496853052306783
55	0.7168169986688391
56	0.919509620416055
57	0.9128588981654071
58	0.853578902475094
59	0.8758099689028058
60	0.8790914462986763
61	0.873800600058726
62	0.8923050154748907
63	0.9603451179398905
64	0.8218858550654068
65	0.7827064186818795
66	0.7406609561777437
67	0.7514382373783899
68	0.80756194783992
69	0.7686068612499252
70	0.7471292159175478
71	0.8947454410621607
72	0.8514982684041542
73	0.8332180089733198
74	0.8699805919241271
75	0.8521542695859532
76	0.7701615094830838
77	0.8514012337196104
78	0.8757418750308147
79	0.8710353620879959
80	0.8511664890716646
81	1.007252691851831
82	0.9108905714503354
83	0.8475263712933832
84	0.9404425119192271
85	0.8497708906830429
86	0.9429100828931856
87	0.943489415974857
88	0.8889176423223564
89	0.9435557451048647
90	0.8985793642946722
91	0.8850528729744955
92	0.8721093775520474
93	0.8399961071410939
94	0.7074342109893091
95	0.9078136796697958
96	0.7068022160980783
97	0.9615968641997242
98	0.8226656318270686
99	0.8711332195849031
100	0.8525499443321923
141	0.8262944028839455
142	0.876301241066903
143	0.8364871704960849
144	0.9146383889258127
145	0.9173789433742053
146	1.0210919325997618
147	0.779790369990232
148	0.8317678244943684
149	0.8693269035215125
150	0.8367210692752701
151	0.971419828911761
152	0.8707015020401403
153	0.7997105060731414
154	1.0030574765562172
155	0.8580611772046044
156	0.9626385614913758
157	0.901145003197657
158	0.9670726674536642
159	0.9013087850518897
160	1.0125394797507619
161	0.8822730673694259
162	0.9006956114311744
163	0.8176398965442832
164	0.7613277809164046
165	0.9846432940432318
