1	0.827446115077684
2	0.721214941122297
3	0.8781599682128591
4	0.9248500382884963
5	0.9523151625026425
6	0.944077884915738
7	0.9294344676793876
8	0.771229447343159
9	0.882368517931622
10	0.8540012436924513
11	0.8404459690132109
12	0.8264568921184428
13	0.8963065238086083
14	0.7681940969678548
15	0.9083032843784737
16	0.8257223280016117
17	0.8364202716050378
18	0.824931420611919
19	0.7175479326825979
20	0.8212966285316892
21	0.8830913289614962
22	0.9245399304030555
23	0.9290759828588353
24	0.904515515159628
25	0.9079597447203542
26	0.924176594866527
27	0.8514005480757373
28	0.9338169891341379
29	0.9323605927080286
30	0.8502925785721407
31	0.9927474656226816
32	0.9695593076651158
33	0.8970968157454245
34	0.9516557947158664
35	0.988388692102367
36	0.8511134158009732
37	0.9227465610122151
38	0.9580434560043498
39	0.9841004708547743
40	0.9394818671737794
41	0.8718959756739025
42	0.8627500491144413
43	0.8242720285627099
44	0.8846988975315868
45	0.9466890086218135
46	0.8639124268521832
47	0.888824276589394
48	0.8892249725785253
49	0.9289577660194384
50	0.9145130423693563
51	0.7825525362739478
52	0.8863776553579954
53	0.933829676080401
54	0.909868096526183
55	0.7633913124434837
56	0.8890710115129025
57	0.9341203979654282
58	0.843747692133953
59	0.885118574829187
60	0.8974798887512805
61	0.7438785951587988
62	0.81095219562869
63	0.9205019336068233
64	0.8275369358011192
65	0.7916131197368399
66	0.7961534031225159
67	0.7946891561368857
68	0.8202035200159298
69	0.79284034214244
70	0.7766399284291773
71	0.8817367065879871
72	0.8984743842065442
73	0.833161147358218
74	0.864671687877581
75	0.8739007736728388
76	0.8037724881950903
77	0.8770419300730075
78	0.80458923117347
79	0.881711282875405
80	0.8737038413004662
81	0.9548978873269675
82	0.9439495225940863
83	0.9398891526616447
84	0.9316427980650519
85	0.9531493686121552
86	0.9680227557145249
87	0.950454783855914
88	0.9258058757108959
89	0.9922816857842298
90	0.8881554515918213
91	0.8709989004543924
92	0.8441432079148203
93	0.873161184570296
94	0.7622090684022627
95	0.8345170054922586
96	0.7769817846208048
97	0.8916316684331208
98	0.9284029040368401
99	0.9369412336096495
100	0.805441181914002
141	0.8469364183404723
142	0.9011435958050331
143	0.8318348493950425
144	0.8381220845978848
145	0.9338296760804007
146	1.0372201904022285
147	0.8492186090179875
148	0.8188064364202331
149	0.8548019618912244
150	0.8645555253690933
151	0.8948849780028004
152	0.7676874686584221
153	0.8431006659415733
154	0.9416152676451035
155	0.908674668781812
156	0.991048848409013
157	0.9268685211945001
158	0.939297706138866
159	0.9140909613347201
160	0.9668762772737639
161	0.8340833393169182
162	0.8379110488727074
163	0.8687893788535849
164	0.905614544703297
165	0.9088919786580393
