1	1.7299648842976212
2	1.7791649748661011
3	2.080237014767911
4	2.3684622662727097
5	1.8756614108638237
6	1.6785312728656825
7	2.2709711451814485
8	2.044306452007131
9	2.319413979513448
10	1.7882483778410816
11	1.5044325990341723
12	1.5144439335067406
13	1.4758027245076983
14	1.6104074250648408
15	1.588127907656771
16	1.40887817653926
17	1.6707349472609263
18	1.323355560421146
19	1.4634916927431931
20	1.5507256513624377
21	2.447173714010385
22	2.6808122173800393
23	1.9481930815209803
24	2.2671211518818053
25	1.448533514161201
26	1.8903907055993416
27	2.088679469361878
28	2.09860480636832
29	1.596563041528205
30	1.5687085153686149
31	1.668653952836812
32	1.7803658577563533
33	1.6367653385733447
34	1.8523128896699417
35	1.716710128979015
36	1.5441188191405384
37	1.7130257686751944
38	1.6807608067368829
39	1.780173873153396
40	1.6847137539939787
41	1.6486442340661693
42	1.607720501200295
43	1.867929070013534
44	1.6038682037528815
45	1.6432190343710251
46	1.681143208627869
47	1.7801563929033926
48	1.7134968386691982
49	1.5948115508735967
50	1.6919304555833068
51	1.6515235919696485
52	2.1985921969271174
53	1.8334465748981326
54	1.7349935474956184
55	1.9995079730594367
56	1.853344897371783
57	1.772704427477201
58	2.299553802295636
59	2.6305643615602907
60	2.074755935623281
61	1.393593671828309
62	1.4318258407607347
63	1.5287148626974667
64	1.4495570629175203
65	1.4651782855062203
66	1.4583675358770907
67	1.306693540449089
68	1.318931304463457
69	1.5493852126151295
70	1.4824232982044243
71	2.411000635288063
72	2.293757687021137
73	2.0299386913776845
74	2.1698333470337485
75	2.493562106104723
76	1.8581996608115692
77	1.4232965210803201
78	2.049202052952832
79	2.2722629844118756
80	2.4357072044848853
81	1.9783359797372417
82	1.5833466133638565
83	1.8849480798072453
84	1.914531897521479
85	1.62560172073433
86	1.653357777017741
87	1.7328248979403944
88	1.932984695461265
89	1.6813740191545914
90	2.049549356651666
91	1.6904088611761716
92	1.83106022406526
93	1.5534386232862307
94	1.5255896356483891
95	1.5996989511454571
96	1.7609727615004005
97	1.4683828366045353
98	1.698994633062358
99	2.186735558973344
100	2.038785312664319
141	1.9488898627461502
142	2.2845275783060184
143	2.0284593410128253
144	1.6778584321686376
145	1.7317255706716528
146	1.4431455072350312
147	1.666657832288548
148	1.3617218956107071
149	1.5439860167900266
150	1.5510019427945831
151	1.9898272590906017
152	1.6758717571885708
153	1.983462974555334
154	1.5422657223687775
155	2.1802126754111684
156	1.8263191285281402
157	2.0637759296982114
158	2.061058112041213
159	1.9697007637905168
160	1.6965770643042162
161	1.7081969653836886
162	1.948149312046686
163	1.7385252046260833
164	1.784374487595075
165	1.4884789318017053
