1	0.9581140354385439
2	0.030599855051337985
3	0.7862647651762827
4	0.8796501984882215
5	0.7840985572428563
6	0.8520099676564739
7	0.7782927167274638
8	1.0268874302582989
9	0.8378207789218081
10	0.754616535891727
11	0.9232891051159201
12	0.4990590018309292
13	0.8722033493058787
14	1.0491355381666927
15	0.9652644615765634
16	0.8357831902825938
17	0.9191761489106136
18	1.031595457377468
19	1.0436829131854093
20	0.8840416356041749
21	0.8224553242024556
22	0.9321761494235531
23	0.9204620659033231
24	0.843981324598071
25	0.9415237881466701
26	0.8333700594173766
27	0.945924738327174
28	0.8951436909307355
29	0.9412137923903412
30	0.9276950684081978
31	0.9069294343118399
32	0.8264593883496119
33	0.7652942994506746
34	0.9196023722474989
35	0.8906136370355267
36	0.7336619989534875
37	0.7735225621206221
38	0.9558632648718971
39	0.9166478353874256
40	0.7481007681014208
41	1.0277226762446032
42	0.9252476696208766
43	1.0200388715853337
44	1.0061908792764336
45	0.9558239897804269
46	0.8301719395427348
47	0.9228820098531151
48	0.8712266827216273
49	0.9315855330472645
50	0.9537237674571147
51	0.7861918456319857
52	0.8312446559964913
53	0.88146952995862
54	0.05685627015503021
55	0.9356501437754583
56	0.3356721862135622
57	0.8564171183847251
58	0.7539684909310392
59	0.6315908637152006
60	0.7813995694371048
61	1.0005652671595688
62	0.9910061315361143
63	1.0446417638202308
64	0.5110597188528977
65	0.7843847751564476
66	0.7251926323904424
67	1.0221592869133125
68	0.9524524048269354
69	1.0482025466387768
70	0.9582660712760257
71	0.9662248251210293
72	0.9070610187233198
73	0.9337585496331575
74	0.9290521034518593
75	0.9091897738781384
76	1.0092420136918534
77	1.022724296606738
78	0.961383967735778
79	0.940873333006092
80	0.9364035758734779
81	0.6812088032267336
82	0.8104855014015375
83	0.7451804337868689
84	0.6796672720554302
85	0.9511892084564991
86	0.9741305851673273
87	0.8940016614637856
88	0.9574069865749688
89	0.9546142971894485
90	0.9842444471182427
91	0.9459180328118383
92	0.9863124350725041
93	0.8564548203717367
94	0.9222247272292811
95	0.8902896695459865
96	0.7986099152212943
97	0.8343493291612901
98	0.9425350466447162
99	0.747747554512975
100	1.0211387020244471
141	0.911895117680284
142	0.7872767244236933
143	0.8151587621794718
144	0.8735258398895334
145	0.9079951745160493
146	0.6893415526614017
147	0.9016585503569676
148	0.8942837340365393
149	1.0104528470144742
150	0.9615808707447565
151	0.9334228323569635
152	0.9787555957871336
153	0.9429259323414645
154	0.9194216738111645
155	0.9765982034921324
156	0.9220411605922889
157	0.7736317599972459
158	0.9137395862789659
159	0.7832292018414254
160	0.8992080436488913
161	1.004132325876697
162	0.8233229819234457
163	0.8727401397032232
164	0.8851360597886722
165	0.9970675732744804
