1	0.7930304223539549
2	0.9416575069124526
3	0.9850648850010078
4	0.8620866966882076
5	0.9047594069707847
6	0.8426760379328532
7	0.8857087357980952
8	0.9009311008907148
9	0.9713996539133131
10	0.9105467142537071
11	0.9147568511543243
12	0.9050236830023514
13	0.9241845788450224
14	0.7530324448916539
15	0.9303513857599316
16	0.8258397864480879
17	0.8298592199503972
18	0.9375278023282452
19	1.0120117276080443
20	0.9104606586598165
21	0.9530635563807945
22	0.9771537732537515
23	0.9119964664348718
24	0.557423344979635
25	0.8001680551897999
26	0.8274299004379368
27	0.951804680142905
28	0.8880036871389365
29	0.8899976988066834
30	0.9026782937503618
31	0.9068252521597592
32	0.9415612163921577
33	1.014033588373261
34	0.8015610522896495
35	0.9045454883142663
36	0.9478975996678809
37	0.9543142439908193
38	0.8708830719530456
39	0.8965175740701956
40	0.9118367334961393
41	0.7894436896908101
42	0.9537509331307044
43	0.8808575980607668
44	0.8497900256230095
45	0.8485317237112522
46	0.7380880410912841
47	0.8857957769168706
48	1.002875060167935
49	0.98625591866941
50	0.7532000027330461
