101	1.0094609439734377
102	1.0104298428959502
103	0.9286950598501573
104	0.8446807204644433
105	0.9422949122436596
106	0.9652660389824549
107	1.0165317278708879
108	0.970820377668135
109	1.0350467091660511
110	1.0170719141624347
111	1.0520469643203254
112	0.9652226498102372
113	1.0387852822592754
114	0.9924711562955257
115	1.060957327760802
116	1.0482813981314207
117	1.0325048971301092
118	0.9683004660855697
119	1.0501786549450727
120	1.1355305292907547
121	0.9641863101843772
122	0.9852901795190646
123	0.9789504274888436
124	0.9702409595366187
125	0.9717620987624153
126	0.9730584725452994
127	0.9977211903818036
128	0.9598674483222472
129	0.9692469990032586
130	0.984267768325353
131	0.9544496090799997
132	0.9672128692489084
133	0.9818372762297457
134	0.982929786845484
135	0.9453854728210568
136	0.9933146482703527
137	0.9736106792724494
138	0.9713794136161211
139	0.9554771696864416
140	0.9804826051502515
166	1.0035883857078969
167	1.0070165693336257
168	0.9261319505161953
169	1.123479761622501
170	1.035016985726671
171	0.985242894052515
172	0.9666633944244518
173	0.9848263362822863
174	0.9848263362822862
175	1.005630146610692
