101	1.4823529411764704
102	1.16
103	1.7333333333333334
104	1.8181818181818181
105	1.6
106	2.0
107	0.6666666666666667
108	1.8571428571428572
109	1.2941176470588236
110	1.6
111	1.5
112	2.0
113	0.65
114	1.2190476190476192
115	0.36153846153846153
116	1.25
117	2.0833333333333335
118	1.2952380952380953
119	1.0
120	0.6363636363636365
121	2.6285714285714286
122	1.3714285714285714
123	8.555555555555555
124	5.555555555555555
125	4.444444444444445
126	3.7777777777777777
127	2.3111111111111113
128	1.5555555555555558
129	6.666666666666667
130	3.7777777777777777
131	4.622222222222223
132	4.111111111111111
133	5.666666666666666
134	4.444444444444445
135	4.457142857142857
136	9.244444444444445
137	3.5555555555555554
138	4.666666666666667
139	3.911111111111111
140	1.0285714285714287
166	0.8
167	1.017391304347826
168	2.8000000000000003
169	0.7894736842105263
170	0.608
171	4.114285714285715
172	4.888888888888888
173	3.5555555555555554
174	3.5555555555555554
175	3.0857142857142854
