101	1.153422358898805
102	1.1619249915235907
103	1.0850542406230612
104	1.1634620721497428
105	1.128008361559158
106	1.2092146865908198
107	1.1235031697057394
108	1.166659572339257
109	1.1640584724308602
110	1.1481440542828347
111	1.2305863934402772
112	1.143942727528281
113	1.1030252621056729
114	1.161873856462014
115	1.1585498829264547
116	1.1994776132812202
117	1.1906839504246114
118	1.2252058271136927
119	1.1809272258057226
120	1.183898906358563
121	1.0374804728564857
122	1.0335639568408657
123	1.107674238903256
124	1.1363173331307554
125	1.1272378131311618
126	1.159847317159455
127	1.0911561518226336
128	1.145788400862071
129	1.1307997193030737
130	1.1512234393301182
131	1.124632259018512
132	1.1574713173336653
133	1.1361781568171212
134	1.1639595668530296
135	1.0635190937903716
136	1.0909865234243317
137	1.1519573245414811
138	1.1516178919509197
139	1.133494936287229
140	1.0623534551922347
166	1.1719951049284412
167	1.185877090857173
168	1.186465396194652
169	1.1685132404333534
170	1.1748840254277335
171	1.0627495874136554
172	1.1485868575479887
173	1.17946708498422
174	1.169890295273241
175	1.0556592997824605
