101	1.0537826710029528
102	0.8422410541769372
103	1.030627724187099
104	0.9983689781899705
105	1.020554714748316
106	0.9736975727922824
107	0.7086746566298507
108	0.8389179946768753
109	0.9595417992347507
110	1.0083903922015462
111	1.047147955596777
112	1.018339222552827
113	0.5712529643779212
114	0.9310247631194468
115	0.23414939416647587
116	0.9166328023717304
117	1.0596291936413182
118	0.9176666488523525
119	0.9048145923844908
120	0.7965171272097527
121	1.06920946522145
122	1.0406997299194314
123	1.1503136059645562
124	1.0537634754745546
125	1.1512139582043655
126	1.0703080444173831
127	1.2553258085435353
128	0.8285565534810175
129	1.0839241354406688
130	1.0643951683425634
131	1.0957406555019047
132	1.0853512887558165
133	1.0855263407384466
134	1.0942635294609573
135	1.015527031672318
136	1.1408750436264206
137	1.0348753912228197
138	1.0887034996471199
139	1.122493150031024
140	1.0685140180589563
166	0.5362864396611574
167	0.7520858273748177
168	1.0699090568227283
169	0.8811530602344539
170	0.4621613781720603
171	1.0706018468598189
172	1.0923261955104124
173	1.06569109070413
174	1.0550672148549212
175	0.9220432056158878
