101	1.1219180594851939
102	0.8201578382658335
103	0.9820086064022072
104	0.9302990730295443
105	1.0113403646126402
106	0.9274864978154008
107	0.9465613981004571
108	0.9463471680494168
109	0.9891964095552417
110	0.8506615023554575
111	0.7811608457706676
112	1.0390021378051377
113	0.9083817536700106
114	0.9619184662910526
115	0.7419504963781677
116	0.8984950233245281
117	0.7591525359640582
118	0.8243713577633415
119	0.9513712406109399
120	1.001821790592403
121	1.03184519460306
122	1.0210029100000078
123	0.8799213049013946
124	0.8889616493888427
125	0.9553360172514844
126	1.0827660553266965
127	1.124468199615102
128	1.0400044048593329
129	1.1682181561025535
130	0.8046447504425331
131	1.12208981819762
132	0.9298515075089951
133	0.8285623847850165
134	0.8364902218550967
135	1.0267353597816093
136	1.1204003066603958
137	1.1354798115333227
138	0.9345908254057821
139	1.0494473519495198
140	1.0237815444444138
166	0.8410678479999829
167	0.828108260404706
168	1.1154507787273449
169	0.9771183547665088
170	0.8217483434251236
171	1.0144569610787721
172	0.8336160429154924
173	0.8156268567269457
174	0.8065930841029681
175	0.9776371768889776
