1	1.0162790697674418
2	0.8088888888888888
3	0.78
4	1.2570247933884298
5	1.5867052023121389
6	0.9150837988826817
7	0.937037037037037
8	0.8210526315789474
9	1.2000000000000002
10	0.7478260869565218
11	0.7837837837837838
12	1.3964285714285714
13	1.0497925311203318
14	0.7780952380952381
15	0.84375
16	0.6305084745762711
17	0.2058265582655827
18	0.5263940520446097
19	0.806896551724138
20	0.9285714285714286
21	0.9058823529411766
22	2.5
23	0.903125
24	1.0434782608695652
25	0.8103896103896104
26	0.648780487804878
27	0.6470588235294118
28	0.6711864406779661
29	0.45499999999999996
30	1.1625
31	0.7358490566037736
32	0.4969230769230769
33	1.2624161073825502
34	0.7000000000000001
35	0.6046511627906977
36	0.8533333333333334
37	0.9441860465116279
38	0.8903225806451612
39	1.2043010752688172
40	0.9523809523809523
41	0.27692307692307694
42	0.9893617021276596
43	0.8636363636363636
44	0.7366666666666667
45	0.7034482758620689
46	1.0
47	0.8327586206896552
48	0.96
49	0.8708333333333333
50	0.5251256281407035
