1	0.2845360824742268
2	0.4770642201834862
3	0.7690140845070422
4	0.5850000000000001
5	0.7393939393939394
6	0.2980891719745223
7	0.515625
8	0.325
9	0.6588235294117647
10	0.5180722891566265
11	1.7313432835820897
12	1.1
13	0.46478873239436613
14	0.5810810810810811
15	0.789041095890411
16	0.8701754385964913
17	0.8857142857142858
18	0.46825396825396826
19	0.26666666666666666
20	0.4588235294117647
21	1.4000000000000001
22	1.024390243902439
23	0.27199999999999996
24	0.5660377358490566
25	0.3391304347826087
26	0.881159420289855
27	0.7333333333333333
28	0.9
29	0.39245283018867927
30	1.4451612903225806
31	0.7827956989247311
32	0.31666666666666665
33	0.6576923076923077
34	0.6292134831460675
35	0.9616438356164384
36	0.2696629213483146
37	1.1225806451612903
38	0.5476190476190477
39	0.5137614678899083
40	0.9230769230769231
41	0.8571428571428571
42	0.5081967213114754
43	0.2746987951807229
44	0.2873239436619718
45	0.6704225352112675
46	0.4418604651162791
47	0.8363636363636364
48	0.7
49	0.46060606060606063
50	0.10576923076923078
