1	0.3861023555390919
2	0.25223878846231224
3	0.1979465066842816
4	0.37856351328274535
5	0.3331157517496994
6	0.25092443972969497
7	0.31474424764412
8	0.31124755579385777
9	0.4239907202823317
10	0.22667121866403486
11	0.32799798617699316
12	0.41474213043174146
13	0.3494284731060177
14	0.5381683284380454
15	0.4717694746374548
16	0.2931216967789032
17	0.3355431884364479
18	0.3848234725205366
19	0.5207057872413302
20	0.43303970707011985
21	0.4693131868081294
22	0.6082494839692258
23	0.31439983855730874
24	0.3895145330920548
25	0.34382649161667045
26	0.2736914684239838
27	0.280849335246506
28	0.6340640830404457
29	0.28202840949792735
30	0.221785238356824
31	0.3927159431199255
32	0.4193969376018713
33	0.43183883232763437
34	0.5083947828211074
35	0.42227753273097834
36	0.2055461964698001
37	0.41870364206221905
38	0.5734770780736548
39	0.3842812052460665
40	0.35957824258531623
41	0.39746107565301897
42	0.3880552425539774
43	0.3059228454051386
44	0.4963996497648989
45	0.5165374838720671
46	0.4202014472628586
47	0.3521905179648616
48	0.3881451496048216
49	0.542737151408556
50	0.5243849711082067
51	0.36294121216338976
52	0.24568613012928184
53	0.3375385773718814
54	0.2358866242993006
55	0.29268399272631535
56	0.21760860437043097
57	0.1683319888333914
58	0.21022892839811036
59	0.24955140461361128
60	0.24584049856849263
61	0.5198398894318449
62	0.4080474630961336
63	0.4132088475032682
64	0.41355843931332315
65	0.4850878398591801
66	0.45713243132378756
67	0.4053525392149892
68	0.4865019840593712
69	0.3014384010389097
70	0.21383451733278783
71	0.29243425670564943
72	0.33970295728401695
73	0.2026620035819459
74	0.18734194448121755
75	0.3607252528616383
76	0.2738394468803179
77	0.4731338974774502
78	0.2746038895641858
79	0.2574438813486003
80	0.38940571103477045
81	0.3168612949957191
82	0.3694974055019763
83	0.3496112116201016
84	0.39638672151869375
85	0.24032475754721286
86	0.6204374154367894
87	0.48183082286812395
88	0.5726635163788516
89	0.4599971387366182
90	0.6279763954212768
91	0.418085187212179
92	0.3388266767791077
93	0.4696376510023225
94	0.20470654638069785
95	0.5291973852411843
96	0.26312222248572703
97	0.4386002284373768
98	0.33862944363352077
99	0.3914179689450756
100	0.348744237766279
141	0.2803457121105526
142	0.26728984081624363
143	0.2609156923972687
144	0.28819501783585394
145	0.4549329271661746
146	0.3180769508351694
147	0.34263250132309353
148	0.38244045869048693
149	0.4537561780987486
150	0.24679932777220637
151	0.6297629303946394
152	0.2598496982495916
153	0.23033175952771573
154	0.2682749133990477
155	0.40177996580418673
156	0.637082990862777
157	0.4905792768915742
158	0.45846708319914814
159	0.4706497320198594
160	0.5599124931466432
161	0.44540248221181183
162	0.33391260115325644
163	0.3842710716113246
164	0.18848994704643013
165	0.3455652507102724
