1	1.1500000000000001
2	2.08
3	1.4857142857142858
4	1.8571428571428572
5	0.6971428571428572
6	2.7857142857142856
7	0.99
8	1.2999999999999998
9	0.96
10	1.72
11	1.1153846153846154
12	0.7846153846153846
13	2.1153846153846154
14	1.376
15	1.5
16	0.8454545454545453
17	1.1272727272727272
18	1.8153846153846156
19	1.3846153846153846
20	1.04
21	0.896
22	0.672
23	1.3599999999999999
24	1.25
25	1.625
26	0.9500000000000001
27	3.666666666666667
28	0.825
29	1.8571428571428572
30	0.9
31	1.980952380952381
32	1.9000000000000001
33	1.1400000000000001
34	1.75
35	1.4181818181818182
36	2.3529411764705883
37	1.3181818181818183
38	1.4153846153846155
39	2.4347826086956523
40	0.8888888888888888
41	1.6
42	2.2142857142857144
43	1.7272727272727273
44	1.4782608695652173
45	1.3599999999999999
46	1.0
47	1.104
48	1.056
49	2.111111111111111
50	1.2692307692307692
