1	2.5555555555555554
2	0.980952380952381
3	3.507692307692308
4	2.909090909090909
5	2.1333333333333333
6	1.9692307692307693
7	3.4181818181818184
8	3.3142857142857145
9	3.875
10	3.1304347826086962
11	2.3
12	1.8333333333333335
13	2.3000000000000003
14	1.92
15	2.5
16	3.6428571428571423
17	3.1111111111111116
18	1.7230769230769232
19	1.8181818181818183
20	1.8333333333333335
21	2.818181818181818
22	4.0
23	1.7333333333333334
24	3.022222222222222
25	1.8666666666666667
26	4.25
27	2.2222222222222223
28	4.4
29	1.4444444444444444
30	1.476923076923077
31	1.7600000000000002
32	1.6
33	1.9333333333333331
34	1.4666666666666668
35	2.8
36	2.1375
37	1.2545454545454544
38	1.4545454545454546
39	1.7999999999999998
40	0.8800000000000001
41	1.7692307692307694
42	2.875
43	3.3846153846153846
44	1.5599999999999998
45	2.2
46	1.6153846153846154
47	2.923076923076923
48	3.2727272727272725
49	3.666666666666667
50	2.2222222222222223
51	2.2666666666666666
52	2.5
53	2.1090909090909093
54	2.6133333333333333
55	2.4000000000000004
56	3.1578947368421053
57	2.56
58	2.3384615384615386
59	2.076923076923077
60	3.384615384615385
61	1.722222222222222
62	1.3454545454545455
63	4.05
64	1.8571428571428572
65	1.923076923076923
66	1.8461538461538463
67	1.7846153846153847
68	1.7857142857142856
69	2.618181818181818
70	3.085714285714286
71	2.6
72	2.75
73	2.4666666666666663
74	2.4666666666666663
75	3.181818181818182
76	3.0
77	1.165217391304348
78	2.058823529411765
79	2.571428571428571
80	3.4
81	2.5
82	1.05
83	0.8363636363636364
84	1.6923076923076923
85	0.38333333333333336
86	1.8181818181818181
87	1.9166666666666667
88	2.25
89	2.1
90	2.272727272727273
91	1.6428571428571428
92	2.3846153846153846
93	1.6666666666666667
94	1.5466666666666666
95	1.8888888888888888
96	3.071428571428571
97	1.7368421052631577
98	3.9230769230769234
99	3.1
100	2.2142857142857144
141	2.88
142	2.7636363636363637
143	2.9200000000000004
144	2.909090909090909
145	2.1090909090909093
146	3.1999999999999997
147	2.75
148	1.4666666666666668
149	1.3333333333333335
150	3.3333333333333335
151	2.0
152	2.4375
153	2.4
154	1.2727272727272727
155	2.6666666666666665
156	1.4545454545454546
157	2.818181818181818
158	1.8000000000000003
159	1.4000000000000001
160	1.4153846153846155
161	2.2777777777777777
162	3.5833333333333335
163	2.235294117647059
164	3.4400000000000004
165	3.388888888888889
