1	1.1694955350780851
2	1.1749474308445746
3	1.1058572657703876
4	1.1347558847326906
5	1.169382168528097
6	1.1402234888043659
7	1.1625903681973428
8	1.2536533988723957
9	1.1892919471208174
10	1.168519625445778
11	1.25413067065094
12	1.0593989124510297
13	1.0832054808147185
14	1.0776599043402677
15	1.11735533976733
16	1.145383944431635
17	1.1107683663208978
18	1.1721335636167114
19	1.1870297726461725
20	1.117970295775136
21	1.1498270425599868
22	1.0545109971359887
23	1.23581723062366
24	1.0934493775328278
25	1.2845753608977863
26	1.1792665440833285
27	1.1538312814832266
28	1.066355108775022
29	1.1711110180428745
30	1.0860067003702452
31	1.1170322749951898
32	1.1034259330797151
33	1.1023410937446378
34	1.2207737261526883
35	1.1154991485788508
36	1.235006770499709
37	1.183477516955303
38	1.1519303436470718
39	1.156441121237956
40	1.0689400929079702
41	1.1538863826450225
42	1.1026651323339265
43	1.2120560932379063
44	1.2480148630794061
45	1.1650785569746156
46	1.1937195348435412
47	1.1017343327713318
48	1.1640510153642631
49	1.1387997286794411
50	1.1340203750449533
