101	0.6536553490447105
102	0.576237127074406
103	0.696594063413631
104	0.702259541137455
105	0.8011222698481157
106	0.4555686471867773
107	0.6558824520687265
108	0.4818338958496218
109	0.6034322816196549
110	0.6304479162418588
111	0.5754404025372695
112	0.8254656896697251
113	0.6832079162942899
114	0.48083208744664463
115	0.6703885808481516
116	0.48822130476892334
117	0.5885193374328329
118	0.5943775526899377
119	0.5250961628784453
120	0.5445808603766104
121	0.9133527999297828
122	0.9078015730648222
123	0.6473750777521675
124	0.6004170102083876
125	0.6064524672188517
126	0.5462208522130503
127	0.7026412400066938
128	0.5884332135523651
129	0.6336246652714149
130	0.5662604455780619
131	0.6274814662624605
132	0.570316861183318
133	0.598172551085685
134	0.5474717902390298
135	0.8216047198249378
136	0.8078129341883806
137	0.5877673941726825
138	0.591538188114318
139	0.6161050810230617
140	0.9129239217084302
166	0.5403956998267706
167	0.5400332535176515
168	0.6230536995958521
169	0.5052765864644829
170	0.6385519775058089
171	0.7656390849138944
172	0.6147090224854593
173	0.5236424803036819
174	0.5215764871132502
175	0.7845673709083756
