1	1.1064612230533686
2	1.0033735508154848
3	0.9870456085313942
4	1.08678678663347
5	1.0779714913217213
6	1.174190637944714
7	1.0508465161846994
8	1.0681027218623824
9	0.9984256393467346
10	1.0470919339953102
11	1.0414074937074214
12	1.082470525847905
13	1.1383833745970864
14	1.0339219697332003
15	1.1119937130589088
16	1.0918622878256918
17	0.8939037422591547
18	1.0060666462924466
19	1.008179487611737
20	1.1590153536118935
21	0.9594724464049266
22	0.7629019001388895
23	1.08180167291419
24	1.0554637589402396
25	1.1463891318705788
26	1.0739442563149364
27	1.09451429296957
28	0.9359421906797727
29	1.1053211039717146
30	0.7960092950813741
31	1.100840095200203
32	1.0530207650585708
33	1.0363482850826802
34	0.9350379730006222
35	1.0149830431794
36	1.1652710248110838
37	1.0859818540459731
38	1.1671375253768623
39	0.9229660915881917
40	1.1021334682251862
41	0.9553102972788956
42	0.9641335309883965
43	1.0781440402971254
44	1.0794962722415888
45	0.986492163758958
46	1.0618995294733535
47	0.8813854030913054
48	1.1035125102980805
49	1.0754191682060439
50	1.1490836593373623
