1	1.069767441860465
2	1.1555555555555554
3	0.8210526315789475
4	0.3867768595041322
5	2.256647398843931
6	0.30502793296089387
7	1.222222222222222
8	0.6842105263157895
9	1.511111111111111
10	0.44869565217391305
11	0.7837837837837838
12	1.7
13	0.2738589211618257
14	0.5733333333333334
15	0.7875
16	1.576271186440678
17	1.2853658536585368
18	0.4825278810408922
19	0.8689655172413793
20	0.9285714285714286
21	1.1529411764705884
22	2.25
23	0.53125
24	0.6521739130434783
25	0.9116883116883117
26	1.1121951219512194
27	0.19411764705882353
28	1.5661016949152542
29	0.32499999999999996
30	1.2750000000000001
31	0.5396226415094341
32	0.2923076923076923
33	0.9946308724832215
34	0.823529411764706
35	0.7860465116279071
36	0.48000000000000004
37	1.0790697674418606
38	0.9645161290322581
39	0.9634408602150537
40	2.0
41	0.6000000000000001
42	0.8574468085106384
43	0.6045454545454545
44	0.68
45	0.5862068965517242
46	1.0
47	1.0310344827586206
48	1.2
49	0.3483333333333334
50	0.6080402010050252
