101	0.7314606741573034
102	0.9045871559633026
103	0.3611111111111111
104	0.23255813953488372
105	0.4444444444444444
106	0.3574468085106383
107	1.6666666666666667
108	0.3513513513513513
109	0.611111111111111
110	0.6545454545454545
111	0.391304347826087
112	0.17272727272727273
113	1.39009900990099
114	0.7529411764705882
115	1.6491228070175439
116	0.8181818181818181
117	0.4954954954954955
118	0.6
119	0.8048780487804879
120	1.2133333333333334
121	0.9222772277227722
122	1.1325842696629214
123	0.25119196988707654
124	0.2802690582959641
125	0.5257270693512305
126	0.332183908045977
127	0.9464212678936607
128	1.064
129	0.2643171806167401
130	0.332183908045977
131	0.4997955010224949
132	0.5494199535962877
133	0.27272727272727276
134	0.3065134099616858
135	0.6926829268292682
136	0.8336631684157921
137	0.34362416107382554
138	0.3
139	0.5215805471124619
140	1.1790393013100438
166	1.038709677419355
167	1.1945945945945946
168	0.08882175226586102
169	1.4102564102564104
170	2.0390243902439025
171	0.5187772925764192
172	0.5215805471124619
173	0.34362416107382554
174	0.34362416107382554
175	0.7388646288209608
