1	0.2895104895104895
2	0.3310832529733205
3	0.12063492063492064
4	0.4033613445378151
5	0.5783132530120482
6	0.5670886075949366
7	0.4154696132596685
8	0.17121771217712178
9	0.3220779220779221
10	0.08003952569169961
11	0.5307692307692308
12	0.2693877551020408
13	0.5111111111111111
14	0.23414634146341465
15	0.3823529411764706
16	0.225414364640884
17	0.26144578313253014
18	0.6313725490196078
19	0.26859504132231404
20	0.23157894736842105
21	0.23268765133171915
22	0.5371428571428571
23	0.4136363636363637
24	0.3457627118644068
25	0.36981132075471695
26	0.43307984790874526
27	0.09482758620689656
28	0.6837837837837837
29	0.3404761904761905
30	0.28474576271186436
31	0.8842105263157894
32	0.44651162790697674
33	0.49361702127659574
34	0.5377777777777778
35	0.737984496124031
36	0.27771010962241166
37	0.5822784810126582
38	0.7187499999999999
39	0.7168141592920354
40	0.7333333333333333
41	0.2787878787878788
42	0.23
43	0.21290322580645163
44	0.72
45	0.8475409836065574
46	0.22580645161290322
47	0.4475555555555555
48	0.4397727272727272
49	0.8850574712643678
50	0.6521739130434783
51	0.09483960948396095
52	0.29381443298969073
53	0.5898305084745763
54	0.5458885941644562
55	0.11217712177121772
56	0.29649595687331537
57	0.35526315789473684
58	0.14321608040201006
59	0.11147327249022164
60	0.26965772432932467
61	0.3773913043478261
62	0.4801526717557252
63	0.7505791505791505
64	0.37142857142857144
65	0.2927927927927928
66	0.27692307692307694
67	0.8621621621621621
68	0.49382716049382713
69	0.15728155339805824
70	0.12429667519181586
71	0.27807486631016043
72	0.3466666666666667
73	0.09462915601023017
74	0.10433839479392625
75	0.2303473491773309
76	0.22766798418972334
77	0.8662998624484183
78	0.09283819628647214
79	0.24935064935064935
80	0.23663003663003662
81	0.390092879256966
82	0.619672131147541
83	0.6639175257731958
84	0.375609756097561
85	0.8961038961038961
86	0.7187499999999999
87	0.6040404040404042
88	0.4099476439790576
89	0.9272727272727272
90	0.35135135135135137
91	0.26082474226804125
92	0.3563218390804597
93	0.43010752688172044
94	0.26165413533834586
95	0.20731707317073172
96	0.09052631578947368
97	0.3443478260869565
98	0.62945301542777
99	0.3926121372031662
100	0.1118032786885246
141	0.06324324324324324
142	0.282824427480916
143	0.07117611212675198
144	0.1322997416020672
145	0.5898305084745763
146	0.8707482993197279
147	0.3120343839541547
148	0.4583333333333333
149	0.42424242424242425
150	0.2840909090909091
151	0.33999999999999997
152	0.17095890410958905
153	0.1125
154	0.1925566343042071
155	0.26243386243386246
156	0.7
157	0.5104116222760291
158	0.3641860465116279
159	0.36296296296296293
160	0.5560439560439561
161	0.1508361204013378
162	0.2596465390279823
163	0.3
164	0.37229437229437234
165	0.5180242634315425
