101	0.9259790832837557
102	0.7343731977829043
103	0.8863631879643237
104	0.8386370009658629
105	0.9100094216394293
106	0.8470594878635209
107	0.8649847069076302
108	0.8633394887336832
109	0.8916622510400727
110	0.7592251552976843
111	0.6713900909952406
112	0.9080588100382264
113	0.8312929126861426
114	0.9011751588795986
115	0.6789000130514043
116	0.8279834262102508
117	0.6447890323026775
118	0.7514607384844351
119	0.8601358305090638
120	0.9325219392189623
121	0.9650543024227236
122	0.976168116742623
123	0.6918641434490662
124	0.722912779196298
125	0.7575261342137387
126	0.9067969952632311
127	0.8912792607324335
128	0.8831433117294689
129	0.9382984556493701
130	0.6851785536828818
131	0.9200037322764002
132	0.7777191992073439
133	0.6933650912852984
134	0.6931673458105777
135	0.9564543969623582
136	0.8778367569553165
137	0.9753104885512293
138	0.7804374319733487
139	0.8482030051318855
140	0.9581358102387814
166	0.7665529685166897
167	0.757196798243875
168	0.891730089364498
169	0.9071360662767814
170	0.7488669724993908
171	0.8382726057777058
172	0.691697471957907
173	0.6936855625680722
174	0.693991119379631
175	0.8696759855033558
