1	0.8396984435958024
2	0.027253687827833186
3	0.7405355846932845
4	0.8205695975357871
5	0.6802100415496571
6	0.7728873136128895
7	0.7139915762304887
8	0.8929781467088996
9	0.7195274763899501
10	0.6931178076821032
11	0.7475081825835275
12	0.39970546065138995
13	0.7292585691961864
14	0.8729645919273551
15	0.7566314101434612
16	0.7695739710871422
17	0.814896372367031
18	0.9576836439394427
19	0.8996836586333521
20	0.7032539601108361
21	0.7473050437558861
22	0.8459181229244924
23	0.8742078635399524
24	0.7871868754966466
25	0.8486880918684291
26	0.7587301864063148
27	0.9019513003482924
28	0.813848833159178
29	0.8979245851498864
30	0.8047817401301267
31	0.7939608300386555
32	0.7335765543708037
33	0.6445663846020963
34	0.8439661310875398
35	0.7870224939294185
36	0.6374351244433497
37	0.7175832340351287
38	0.8677733163655859
39	0.8476281389150704
40	0.6510112329174065
41	0.89147386310361
42	0.8655464903334058
43	0.9712427329249549
44	0.917844852606901
45	0.8176138555826706
46	0.7163148021162782
47	0.7735372947134527
48	0.7682818989242819
49	0.8117747949782286
50	0.841217456861123
51	0.7352935700896558
52	0.738062185384095
53	0.7902395507873983
54	0.05030172195999921
55	0.8622321007045738
56	0.29739373377994405
57	0.7903110094149041
58	0.6829708157979537
59	0.5807167027674729
60	0.7245228877765415
61	0.923123643753947
62	0.9168459567140455
63	0.905892753468782
64	0.41921817661349214
65	0.6338227711064559
66	0.5865998154378788
67	0.9542576808771072
68	0.8522285935591947
69	0.9193710846697403
70	0.8552340294638601
71	0.9164876091581764
72	0.8353541417913981
73	0.8640220005437398
74	0.8555798838595968
75	0.8486559512325678
76	0.8848977344506189
77	0.9878678420227648
78	0.9180328871543826
79	0.8820084043999509
80	0.8691224773459848
81	0.6280484708750573
82	0.6790539693118255
83	0.6472974814052711
84	0.5999834880472819
85	0.8680216030445181
86	0.8784039412232298
87	0.8073378122382532
88	0.8840331094817534
89	0.8613678179018345
90	0.9079863521108659
91	0.8140434205118835
92	0.9179621863107291
93	0.7739259867927042
94	0.8205898417248493
95	0.7777369397817621
96	0.720415022874374
97	0.7350638846497826
98	0.8153182700762037
99	0.6367487020966484
100	0.9409859934673089
141	0.8335297561857489
142	0.7224171397009379
143	0.7472931719102784
144	0.8138114590536693
145	0.7673177831142947
146	0.5748128727446804
147	0.8007051328144966
148	0.805843426004398
149	0.9164575519973568
150	0.8862624755852513
151	0.8758560372455447
152	0.8994182602647751
153	0.8924029155013137
154	0.8768937267860223
155	0.9034310902909937
156	0.8272636921452576
157	0.7275833067752722
158	0.8461111111111111
159	0.6994105044949334
160	0.8291440777777989
161	0.9057728803183349
162	0.7645743107207574
163	0.7942793561846083
164	0.804470573110648
165	0.9149973583013703
