1	0.7160033023618019
2	0.8134808857541354
3	0.9083224178958939
4	0.7168377512094305
5	0.8183886070224754
6	0.7791393078491262
7	0.7861055945448511
8	0.7812454711442492
9	0.9051692686281368
10	0.8436823351623799
11	0.8049609527841814
12	0.6838875912454662
13	0.786785310310364
14	0.6343934542574345
15	0.8194135755870895
16	0.7754331396358026
17	0.7999416084925568
18	0.8893761100264137
19	0.8327390001079915
20	0.8020988717432443
21	0.8506149764711535
22	0.790245180577882
23	0.8476213386483903
24	0.47278791545617604
25	0.7227336554370205
26	0.7693408581698282
27	0.8852186592543789
28	0.715507784790978
29	0.8243204515924734
30	0.8082269740363544
31	0.7924439268736112
32	0.8654503928153703
33	0.7957405615216356
34	0.7228782757835246
35	0.8241085125088694
36	0.8732908996273523
37	0.8654889773243405
38	0.7895044761785758
39	0.8191861797460323
40	0.7436010360652989
41	0.7343530904294863
42	0.8894534600632596
43	0.8163507412507413
44	0.7434398033562958
45	0.7531830687403172
46	0.622575467981302
47	0.808465257532387
48	0.8596383742138756
49	0.8258150335249062
50	0.6735507293518694
