1	0.2301869248765557
2	0.2935448016422334
3	0.2755643652471108
4	0.23645907714642683
5	0.33743909085286006
6	0.4119210979576689
7	0.26076483347655743
8	0.2703803663477051
9	0.23924029305034072
10	0.5372403818685518
11	0.2628783874935581
12	0.2883199867366698
13	0.2433085643779303
14	0.37184304991176687
15	0.18985432465125518
16	0.37762718331357253
17	0.2228301169217975
18	0.2017303800054481
19	0.19531259696456607
20	0.489384895273093
21	0.17192336952805415
22	0.20166723471356388
23	0.21718598878491502
24	0.20993697654796845
25	0.33613108799934904
26	0.2555598131016941
27	0.26251122742528166
28	0.2782172651139024
29	0.24576720445277478
30	0.2503579493723892
31	0.3439566202493371
32	0.2785944598339133
33	0.25365063930407206
34	0.27351003223379067
35	0.2601813092727715
36	0.2331226472459714
37	0.20209135953206725
38	0.25975548498588746
39	0.32432177399978
40	0.24649931210156906
41	0.2362049340827367
42	0.19470175012187113
43	0.2493258591432351
44	0.2170649343930545
45	0.23333366405056316
46	0.30247488809997414
47	0.3785481614278886
48	0.2315679472414487
49	0.2267489223812113
50	0.21414220075919474
