1	0.21976084844169297
2	0.2329938237011333
3	0.3603139620561034
4	1
5	0.2420380575931987
6	0.23616965887297048
7	1
8	0.1346579486840561
9	0.22521834559755866
10	0.44842759105984137
11	0.17804807831712913
12	0.2729802934497558
13	0.25641930844497524
14	0.17527705345289185
15	0.3136612635778069
16	0.34057846642307876
17	0.306333369552897
18	0.3062523381487248
19	0.2952638621864393
20	0.308371106708173
21	0.23606237213292253
22	0.22993102410418284
23	0.287526776992378
24	0.24887953993834352
25	0.2881641818497996
26	0.3624356332517842
27	0.22396544109666605
28	0.12724054491485726
29	0.22685283266184547
30	0.2767386035042361
31	0.25137202557157257
32	0.2656805522736388
33	0.2692135860695884
34	0.2808890566120574
35	0.45838434735528494
36	0.2218881214495278
37	0.42587354685584194
38	0.28908658579063207
39	0.2766949327091336
40	0.2908090546993754
41	0.23353109802453562
42	0.2886140185072454
43	0.24736723501237004
44	0.24236306222434675
45	0.21357840547058932
46	0.22779440432305997
47	0.28902048326733343
48	0.2873022082980568
49	0.1850181540196489
50	0.23947561726319228
51	0.2608387023244408
52	0.15018548663388398
53	1
54	0.18831328340734105
55	0.2267413493974321
56	0.28884618154890085
57	0.34555452689040467
58	0.18127949959485865
59	0.19043763531452895
60	0.309982937882465
61	0.300969421878474
62	0.3616287608594973
63	1
64	0.25502967349355654
65	0.31563224724322125
66	0.29227381470130565
67	0.2326606045597067
68	0.27798392147108664
69	0.3198599684930836
70	0.4038111242226248
71	0.273294377874851
72	0.3475318953273019
73	0.34021126034888055
74	0.2251084527559392
75	0.3142553171203826
76	0.304966037361239
77	0.3768436676528634
78	0.2543937253886957
79	0.2876102154784569
80	0.2951983284680752
81	0.2916941310807198
82	0.3832621698792022
83	0.3157000998178424
84	0.3012334941189033
85	0.3968386509417444
86	0.3496081620590147
87	0.2977734228472659
88	0.3360438268108047
89	0.3977043062832535
90	0.36539257203249315
91	0.17264454330471973
92	0.28931830098280326
93	0.2803911154986893
94	0.26282113745227426
95	0.2843058378689423
96	0.21829058170384757
97	0.27284561749586
98	0.180762747024346
99	0.1876320120116773
100	0.22509764340921232
141	0.24096787711508355
142	1
143	0.17797920428285915
144	0.17809333129460156
145	1
146	0.07499380888241547
147	0.30711637451285234
148	0.3813042376162951
149	0.2652140617041495
150	0.25215930004687576
151	0.4184792712810128
152	0.33191832778326524
153	0.2816240892535366
154	0.323732291763215
155	0.19158613365710345
156	0.27710560253455296
157	0.32848868419967936
158	0.2262788742663659
159	0.31474022840016647
160	0.43334467645620434
161	0.2886101569117006
162	0.2389205389312648
163	0.23877685834120438
164	0.1973387286643199
165	0.37580916768319395
