101	0.26938305418712855
102	0.36172220149202156
103	0.21406990706926993
104	0.3148658157227501
105	0.2846610394889117
106	0.19350657204094418
107	0.2503395030205281
108	0.2030776178626604
109	0.3877437973683561
110	0.3722923463474628
111	0.44207578746148435
112	0.3215989388036322
113	0.3195777536255072
114	0.19042993548815862
115	0.33729232939663556
116	0.21909894962254706
117	0.3028670668531501
118	0.3371237341369856
119	0.215617235303401
120	0.2825250334396005
121	0.30541386426262207
122	0.23075629978438936
123	0.19790752886013727
124	0.20548756655444267
125	0.19080180504171892
126	0.18887190443215607
127	0.20303349605257118
128	0.19237799181571555
129	0.22995683850591878
130	0.21519336374320389
131	0.19245845641431827
132	0.1841362344258818
133	0.2089807982462948
134	0.20849633208143747
135	0.2228846110927872
136	0.19250096611351722
137	0.17683171498162398
138	0.21525502582375625
139	0.19723991082852813
140	0.2120112774622557
166	0.21064683836497183
167	0.287718238427451
168	0.21396631796108528
169	0.2720169557268214
170	0.3666720468802132
171	0.27370717763724955
172	0.20211212601166925
173	0.1960928104290672
174	0.18698224324108303
175	0.34182935356240596
