1	1
2	2
3	3
4	4
5	5
6	5
7	6
8	7
9	7
10	7
11	8
12	8
13	7
14	7
15	8
16	7
17	8
18	7
19	7
20	8
21	8
22	8
23	8
24	9
25	10
26	11
27	11
28	11
29	12
30	13
31	14
32	14
33	14
34	14
35	14
36	14
37	14
38	14
39	15
40	15
41	16
42	16
43	17
44	18
45	19
46	19
47	20
48	21
49	21
50	22
51	23
52	24
53	24
54	25
55	26
56	27
57	2
58	28
59	29
60	28
61	29
62	3
63	4
64	5
65	5
66	6
67	7
68	8
69	11
70	11
71	30
72	31
73	16
74	18
75	32
76	33
77	34
78	21
79	21
80	22
81	23
82	35
83	35
84	24
85	24
86	24
87	36
88	36
89	26
90	37
91	37
92	38
93	39
94	2
95	40
96	41
97	42
98	43
99	44
100	45
101	3
102	6
103	46
104	47
105	48
106	48
107	49
108	49
109	48
110	18
111	50
112	51
113	52
114	51
115	51
116	51
117	52
118	52
119	53
120	53
121	23
122	54
123	55
124	56
125	56
126	56
127	57
128	57
129	58
130	58
131	58
132	59
133	59
134	60
135	2
136	3
137	4
138	6
139	61
140	62
141	63
142	64
143	64
144	64
145	65
146	65
147	65
148	66
149	65
150	18
151	67
152	68
153	69
154	70
155	71
156	72
157	73
158	74
159	75
160	76
161	75
162	76
163	77
164	77
165	23
166	78
167	79
168	26
169	80
170	55
171	56
172	56
173	81
174	57
175	57
176	57
177	82
178	83
179	2
180	3
181	6
182	84
183	84
184	84
185	84
186	84
187	84
188	84
189	84
190	85
191	85
192	86
193	86
194	87
195	87
196	87
197	18
198	69
199	68
200	69
201	68
202	70
203	70
204	73
205	23
206	88
207	88
208	89
209	89
210	89
211	90
212	57
213	57
214	91
215	58
216	58
217	59
218	1
219	1
220	92
221	93
222	93
223	93
224	2
225	3
226	4
227	4
228	6
229	84
230	84
231	94
232	85
233	86
234	18
235	95
236	96
237	96
238	95
239	73
240	72
241	23
242	26
243	26
244	97
245	2
246	98
247	99
248	100
249	101
250	102
251	102
252	101
253	3
254	6
255	103
256	103
257	104
258	105
259	106
260	18
261	107
262	108
263	108
264	109
265	23
266	110
267	54
268	54
269	110
270	111
271	111
272	112
273	112
274	113
275	113
276	113
277	114
278	114
279	114
280	2
281	115
282	116
283	116
284	117
285	117
286	118
287	118
288	102
289	102
290	101
291	3
292	6
293	119
294	119
295	119
296	120
297	120
298	121
299	122
300	122
301	122
302	18
303	123
304	124
305	125
306	23
307	110
308	54
309	126
310	127
311	128
312	129
313	130
314	2
315	131
316	131
317	131
318	131
319	28
320	29
321	3
322	4
323	6
324	132
325	8
326	7
327	7
328	8
329	11
330	11
331	133
332	134
333	135
334	136
335	18
336	137
337	137
338	23
339	138
340	139
341	139
342	140
343	56
344	56
345	56
346	56
347	90
348	141
349	91
350	57
351	91
352	57
353	57
354	93
355	92
356	2
357	142
358	143
359	144
360	144
361	144
362	144
363	145
364	3
365	6
366	146
367	146
368	146
369	147
370	148
371	87
372	87
373	18
374	23
375	149
376	149
377	127
378	126
379	150
380	129
381	128
382	130
383	2
384	99
385	29
386	3
387	4
388	6
389	132
390	132
391	7
392	8
393	11
394	11
395	133
396	135
397	151
398	18
399	152
400	153
401	154
402	23
403	155
404	155
405	156
406	156
407	112
408	112
409	157
410	158
411	2
412	41
413	40
414	41
415	40
416	42
417	43
418	43
419	42
420	42
421	43
422	42
423	42
424	43
425	42
426	43
427	98
428	99
429	3
430	4
431	6
432	159
433	160
434	159
435	160
436	159
437	159
438	159
439	159
440	160
441	159
442	160
443	160
444	160
445	160
446	160
447	159
448	159
449	161
450	161
451	161
452	162
453	162
454	162
455	163
456	164
457	164
458	163
459	164
460	163
461	165
462	166
463	165
464	165
465	165
466	165
467	166
468	166
469	166
470	166
471	165
472	166
473	18
474	167
475	167
476	167
477	168
478	168
479	23
480	88
481	2
482	169
483	170
484	3
485	4
486	171
487	172
488	173
489	6
490	174
491	174
492	174
493	175
494	175
495	175
496	176
497	177
498	178
499	179
500	180
501	181
502	182
503	183
504	184
505	18
506	23
507	185
508	186
509	186
510	185
511	55
512	55
513	55
514	56
515	56
516	56
517	56
518	55
519	57
520	91
521	57
522	91
523	91
524	57
525	57
526	57
527	92
528	93
529	92
530	92
531	92
532	93
533	93
534	93
535	143
536	142
537	144
538	187
539	145
540	188
541	3
542	6
543	146
544	146
545	189
546	146
547	189
548	189
549	146
550	189
551	87
552	87
553	87
554	190
555	190
556	190
557	190
558	18
559	191
560	191
561	191
562	191
563	80
564	81
565	81
566	91
567	57
568	91
569	57
570	2
571	192
572	3
573	4
574	193
575	6
576	194
577	195
578	195
579	85
580	85
581	85
582	87
583	87
584	196
585	64
586	64
587	64
588	18
589	68
590	68
591	73
592	72
593	73
594	197
595	197
596	197
597	76
598	75
599	23
600	88
601	88
602	88
603	88
604	88
605	88
606	56
607	55
608	57
609	91
610	91
611	57
612	57
613	91
614	57
615	92
616	2
617	145
618	198
619	3
620	199
621	200
622	6
623	146
624	146
625	189
626	146
627	189
628	146
629	189
630	147
631	148
632	87
633	87
634	87
635	87
636	18
637	68
638	23
639	201
640	202
641	203
642	204
643	2
644	205
645	206
646	3
647	4
648	6
649	207
650	208
651	209
652	210
653	211
654	211
655	211
656	211
657	211
658	211
659	211
660	211
661	211
662	211
663	211
664	211
665	211
666	211
667	211
668	211
669	211
670	211
671	211
672	211
673	211
674	211
675	211
676	211
677	211
678	211
679	211
680	211
681	211
682	211
683	211
684	211
685	211
686	211
687	211
688	211
689	211
690	211
691	212
692	180
693	180
694	18
695	213
696	213
697	213
698	214
699	23
700	26
701	56
702	56
703	56
704	55
705	55
706	57
707	57
708	57
709	92
710	92
711	2
712	142
713	143
714	144
715	144
716	144
717	187
718	187
719	187
720	145
721	198
722	198
723	145
724	3
725	4
726	6
727	146
728	189
729	189
730	146
731	189
732	146
733	146
734	189
735	18
736	72
737	73
738	23
739	215
740	39
741	38
742	216
743	1
744	2
745	40
746	41
747	43
748	42
749	217
750	3
751	6
752	218
753	132
754	46
755	47
756	48
757	49
758	18
759	51
760	52
761	51
762	51
763	52
764	52
765	51
766	52
767	53
768	53
769	23
770	110
771	54
772	54
773	110
774	219
775	126
776	127
777	150
778	129
779	2
780	131
781	131
782	131
783	131
784	131
785	131
786	131
787	131
788	131
789	131
790	131
791	28
792	29
793	3
794	4
795	6
796	132
797	220
798	220
799	221
800	222
801	8
802	7
803	8
804	7
805	11
806	11
807	11
808	133
809	133
810	18
811	23
812	138
813	139
814	139
815	140
816	223
817	224
818	225
819	225
820	225
821	226
822	226
823	227
824	228
825	229
826	216
827	1
828	2
829	3
830	4
831	6
832	230
833	231
834	232
835	233
836	18
837	234
838	235
839	74
840	236
841	23
842	185
843	186
844	26
845	80
846	80
847	80
848	80
849	80
850	80
851	80
852	80
853	55
854	56
855	237
856	237
857	237
858	237
859	238
860	238
861	239
862	239
863	81
864	81
865	81
866	81
867	81
868	57
869	240
870	92
871	93
872	2
873	3
874	6
875	241
876	242
877	62
878	63
879	62
880	63
881	190
882	64
883	64
884	232
885	233
886	18
887	243
888	67
889	244
890	69
891	68
892	68
893	69
894	73
895	73
896	74
897	76
898	75
899	75
900	76
901	77
902	77
903	23
904	88
905	88
906	245
907	245
908	156
909	156
910	155
911	155
912	112
913	157
914	158
915	157
916	158
917	158
918	157
919	2
920	42
921	42
922	246
923	246
924	247
925	247
926	247
927	247
928	98
929	102
930	101
931	3
932	4
933	6
934	132
935	218
936	164
937	163
938	248
939	248
940	248
941	248
942	18
943	249
944	249
945	51
946	51
947	51
948	52
949	52
950	51
951	51
952	52
953	52
954	51
955	51
956	52
957	52
958	51
959	52
960	52
961	52
962	51
963	51
964	23
965	97
966	39
967	38
968	2
969	40
970	40
971	41
972	42
973	43
974	45
975	44
976	3
977	6
978	103
979	46
980	47
981	48
982	49
983	49
984	48
985	18
986	50
987	50
988	50
989	50
990	51
991	51
992	51
993	51
994	51
995	52
996	52
997	52
998	52
999	52
1000	250
1001	53
1002	53
1003	23
1004	54
1005	54
1006	54
1007	54
1008	1
1009	1
1010	2
1011	3
1012	6
1013	251
1014	252
1015	253
1016	254
1017	255
1018	256
1019	257
1020	258
1021	18
1022	259
1023	260
1024	261
1025	262
1026	263
1027	264
1028	265
1029	266
1030	267
1031	268
1032	236
1033	23
1034	269
1035	270
1036	271
1037	97
1038	2
1039	99
1040	101
1041	102
1042	102
1043	101
1044	3
1045	6
1046	103
1047	106
1048	49
1049	49
1050	48
1051	48
1052	18
1053	108
1054	109
1055	109
1056	23
1057	185
1058	186
1059	54
1060	110
1061	110
1062	54
1063	2
1064	40
1065	40
1066	41
1067	41
1068	43
1069	42
1070	3
1071	6
1072	46
1073	47
1074	272
1075	162
1076	48
1077	48
1078	18
1079	51
1080	52
1081	51
1082	52
1083	51
1084	51
1085	52
1086	52
1087	51
1088	51
1089	52
1090	52
1091	51
1092	53
1093	23
1094	88
1095	54
1096	54
1097	54
1098	54
1099	110
1100	110
1101	55
1102	56
1103	55
1104	56
1105	90
1106	90
1107	90
1108	90
1109	57
1110	57
1111	92
1112	92
1113	2
1114	143
1115	142
1116	144
1117	187
1118	145
1119	198
1120	198
1121	145
1122	145
1123	198
1124	3
1125	6
1126	189
1127	146
1128	146
1129	146
1130	189
1131	189
1132	146
1133	189
1134	189
1135	146
1136	146
1137	146
1138	146
1139	189
1140	273
1141	273
1142	273
1143	273
1144	18
1145	274
1146	23
1147	215
1148	215
1149	215
1150	215
1151	215
1152	215
1153	275
1154	276
1155	57
1156	57
1157	57
1158	91
1159	91
1160	91
1161	57
1162	59
1163	59
1164	59
1165	59
1166	92
1167	92
1168	92
1169	2
1170	142
1171	143
1172	145
1173	188
1174	3
1175	6
1176	87
1177	87
1178	87
1179	190
1180	190
1181	190
1182	18
1183	70
1184	70
1185	277
1186	73
1187	23
1188	278
1189	278
1190	278
1191	157
1192	158
1193	157
1194	157
1195	158
1196	158
1197	158
1198	157
1199	2
1200	42
1201	43
1202	43
1203	43
1204	43
1205	42
1206	42
1207	42
1208	246
1209	247
1210	246
1211	247
1212	246
1213	246
1214	246
1215	247
1216	247
1217	247
1218	98
1219	98
1220	98
1221	98
1222	98
1223	102
1224	101
1225	102
1226	102
1227	101
1228	3
1229	4
1230	6
1231	160
1232	159
1233	159
1234	160
1235	164
1236	163
1237	163
1238	164
1239	18
1240	249
1241	279
1242	23
1243	26
1244	280
1245	280
1246	281
1247	281
1248	281
1249	91
1250	57
1251	57
1252	91
1253	58
1254	58
1255	59
1256	59
1257	93
1258	92
1259	92
1260	93
1261	2
1262	3
1263	4
1264	6
1265	61
1266	63
1267	62
1268	64
1269	64
1270	64
1271	65
1272	18
1273	73
1274	72
1275	76
1276	75
1277	76
1278	75
1279	76
1280	75
1281	76
1282	75
1283	76
1284	75
1285	23
1286	78
1287	79
1288	78
1289	79
1290	278
1291	278
1292	278
1293	245
1294	282
1295	283
1296	156
1297	155
1298	158
1299	157
1300	158
1301	157
1302	157
1303	158
1304	2
1305	42
1306	43
1307	43
1308	42
1309	42
1310	43
1311	42
1312	43
1313	246
1314	247
1315	247
1316	247
1317	247
1318	284
1319	98
1320	98
1321	98
1322	101
1323	101
1324	102
1325	102
1326	3
1327	6
1328	18
1329	51
1330	52
1331	51
1332	51
1333	51
1334	52
1335	51
1336	51
1337	51
1338	51
1339	52
1340	51
1341	52
1342	52
1343	51
1344	51
1345	51
1346	51
1347	52
1348	52
1349	52
1350	52
1351	51
1352	52
1353	52
1354	52
1355	52
1356	51
1357	52
1358	52
1359	51
1360	51
1361	51
1362	51
1363	51
1364	51
1365	52
1366	52
1367	52
1368	52
1369	52
1370	52
1371	52
1372	51
1373	109
1374	109
1375	109
1376	109
1377	23
1378	275
1379	275
1380	276
1381	276
1382	90
1383	90
1384	90
1385	141
1386	141
1387	141
1388	91
1389	57
1390	57
1391	57
1392	57
1393	91
1394	91
1395	285
1396	286
1397	286
1398	285
1399	92
1400	92
1401	92
1402	92
1403	2
1404	145
1405	188
1406	3
1407	200
1408	200
1409	199
1410	199
1411	200
1412	199
1413	199
1414	200
1415	200
1416	199
1417	287
1418	287
1419	287
1420	288
1421	288
1422	288
1423	6
1424	189
1425	146
1426	146
1427	146
1428	146
1429	189
1430	146
1431	148
1432	147
1433	18
1434	277
1435	73
1436	72
1437	23
1438	191
1439	191
1440	155
1441	156
1442	155
1443	156
1444	112
1445	157
1446	158
1447	158
1448	157
1449	2
1450	42
1451	42
1452	43
1453	247
1454	247
1455	247
1456	246
1457	247
1458	247
1459	247
1460	98
1461	98
1462	102
1463	101
1464	3
1465	4
1466	6
1467	159
1468	160
1469	159
1470	160
1471	164
1472	163
1473	248
1474	248
1475	18
1476	52
1477	52
1478	52
1479	51
1480	52
1481	52
1482	51
1483	51
1484	51
1485	52
1486	51
1487	51
1488	109
1489	168
1490	23
1491	26
1492	289
1493	2
1494	169
1495	170
1496	3
1497	171
1498	4
1499	172
1500	173
1501	6
1502	174
1503	175
1504	159
1505	18
1506	290
1507	23
1508	291
1509	185
1510	186
1511	57
1512	57
1513	58
1514	58
1515	2
1516	3
1517	4
1518	4
1519	4
1520	6
1521	292
1522	292
1523	292
1524	62
1525	63
1526	64
1527	64
1528	64
1529	64
1530	64
1531	64
1532	233
1533	232
1534	65
1535	66
1536	18
1537	67
1538	69
1539	68
1540	70
1541	70
1542	73
1543	74
1544	76
1545	75
1546	75
1547	76
1548	75
1549	76
1550	75
1551	76
1552	75
1553	75
1554	76
1555	76
1556	77
1557	77
1558	77
1559	77
1560	77
1561	77
1562	23
1563	26
1564	26
1565	26
1566	155
1567	156
1568	112
1569	111
1570	112
1571	157
1572	158
1573	2
1574	42
1575	43
1576	43
1577	42
1578	247
1579	98
1580	98
1581	98
1582	101
1583	102
1584	102
1585	101
1586	102
1587	101
1588	102
1589	101
1590	3
1591	6
1592	162
1593	164
1594	163
1595	18
1596	249
1597	249
1598	51
1599	52
1600	51
1601	52
1602	51
1603	52
1604	51
1605	51
1606	52
1607	52
1608	109
1609	168
1610	23
1611	293
1612	2
1613	294
1614	295
1615	169
1616	170
1617	3
1618	171
1619	4
1620	172
1621	173
1622	172
1623	173
1624	6
1625	175
1626	175
1627	175
1628	175
1629	160
1630	160
1631	159
1632	159
1633	296
1634	180
1635	181
1636	184
1637	184
1638	297
1639	297
1640	18
1641	298
1642	299
1643	23
1644	185
1645	186
1646	269
1647	270
1648	97
1649	271
1650	2
1651	99
1652	99
1653	101
1654	101
1655	102
1656	102
1657	102
1658	101
1659	3
1660	6
1661	103
1662	103
1663	103
1664	106
1665	48
1666	18
1667	107
1668	107
1669	107
1670	107
1671	108
1672	108
1673	108
1674	109
1675	23
1676	185
1677	186
1678	54
1679	110
1680	110
1681	54
1682	54
1683	110
1684	80
1685	56
1686	56
1687	56
1688	56
1689	81
1690	81
1691	57
1692	91
1693	2
1694	3
1695	4
1696	6
1697	63
1698	62
1699	87
1700	300
1701	300
1702	18
1703	67
1704	69
1705	68
1706	68
1707	69
1708	71
1709	70
1710	74
1711	301
1712	75
1713	76
1714	23
1715	88
1716	88
1717	113
1718	113
1719	114
1720	114
1721	114
1722	114
1723	114
1724	114
1725	2
1726	302
1727	302
1728	115
1729	116
1730	115
1731	116
1732	101
1733	102
1734	3
1735	6
1736	119
1737	119
1738	122
1739	122
1740	122
1741	122
1742	122
1743	122
1744	18
1745	123
1746	123
1747	124
1748	124
1749	123
1750	124
1751	124
1752	123
1753	123
1754	124
1755	125
1756	23
1757	270
1758	269
1759	271
1760	97
1761	2
1762	99
1763	99
1764	101
1765	101
1766	102
1767	102
1768	3
1769	4
1770	6
1771	103
1772	103
1773	106
1774	48
1775	48
1776	18
1777	107
1778	107
1779	108
1780	108
1781	109
1782	23
1783	186
1784	185
1785	110
1786	54
1787	54
1788	110
1789	110
1790	54
1791	228
1792	229
1793	228
1794	229
1795	229
1796	229
1797	228
1798	228
1799	1
1800	1
1801	1
1802	1
1803	1
1804	1
1805	1
1806	1
1807	1
1808	1
1809	2
1810	3
1811	6
1812	254
1813	255
1814	256
1815	18
1816	260
1817	260
1818	303
1819	304
1820	261
1821	261
1822	264
1823	265
1824	266
1825	266
1826	23
1827	149
1828	127
1829	126
1830	129
1831	128
1832	130
1833	2
1834	131
1835	131
1836	28
1837	28
1838	29
1839	28
1840	3
1841	4
1842	6
1843	7
1844	8
1845	8
1846	8
1847	7
1848	7
1849	11
1850	11
1851	11
1852	11
1853	11
1854	30
1855	305
1856	31
1857	18
1858	32
1859	32
1860	34
1861	306
1862	23
1863	138
1864	139
1865	139
1866	37
1867	97
1868	39
1869	38
1870	1
1871	2
1872	40
1873	41
1874	40
1875	41
1876	42
1877	43
1878	45
1879	44
1880	3
1881	6
1882	46
1883	46
1884	47
1885	47
1886	48
1887	49
1888	49
1889	48
1890	48
1891	49
1892	18
1893	50
1894	51
1895	52
1896	52
1897	52
1898	51
1899	51
1900	52
1901	51
1902	53
1903	23
1904	54
1905	219
1906	149
1907	149
1908	126
1909	127
1910	150
1911	128
1912	129
1913	2
1914	28
1915	28
1916	28
1917	29
1918	28
1919	3
1920	6
1921	132
1922	220
1923	307
1924	307
1925	8
1926	8
1927	7
1928	7
1929	11
1930	11
1931	11
1932	133
1933	18
1934	154
1935	137
1936	23
1937	138
1938	308
1939	308
1940	308
1941	308
1942	309
1943	309
1944	127
1945	126
1946	1
1947	130
1948	130
1949	130
1950	130
1951	2
1952	310
1953	3
1954	311
1955	6
1956	132
1957	307
1958	312
1959	313
1960	133
1961	314
1962	315
1963	316
1964	61
1965	18
1966	317
1967	318
1968	318
1969	33
1970	301
1971	23
1972	35
1973	35
1974	35
1975	35
1976	35
1977	35
1978	35
1979	319
1980	57
1981	57
1982	57
1983	91
1984	91
1985	91
1986	2
1987	320
1988	3
1989	321
1990	321
1991	322
1992	6
1993	147
1994	87
1995	87
1996	87
1997	18
1998	71
1999	70
2000	323
2001	324
2002	23
2003	88
2004	88
2005	88
2006	88
2007	88
2008	88
2009	88
2010	88
2011	88
2012	88
2013	88
2014	88
2015	88
2016	88
2017	325
2018	56
2019	55
2020	91
2021	57
2022	57
2023	91
2024	57
2025	240
2026	2
2027	326
2028	326
2029	327
2030	326
2031	327
2032	327
2033	3
2034	4
2035	4
2036	6
2037	241
2038	242
2039	328
2040	61
2041	61
2042	61
2043	62
2044	62
2045	62
2046	62
2047	62
2048	87
2049	87
2050	64
2051	64
2052	64
2053	64
2054	64
2055	64
2056	232
2057	233
2058	233
2059	232
2060	329
2061	330
2062	329
2063	330
2064	330
2065	329
2066	329
2067	330
2068	330
2069	329
2070	18
2071	243
2072	243
2073	243
2074	68
2075	68
2076	69
2077	69
2078	73
2079	72
2080	76
2081	75
2082	75
2083	75
2084	76
2085	75
2086	76
2087	76
2088	331
2089	331
2090	77
2091	77
2092	77
2093	77
2094	77
2095	23
2096	80
2097	90
2098	90
2099	90
2100	90
2101	141
2102	141
2103	57
2104	57
2105	57
2106	57
2107	82
2108	83
2109	58
2110	58
2111	58
2112	58
2113	59
2114	59
2115	59
2116	59
2117	92
2118	2
2119	332
2120	333
2121	333
2122	3
2123	334
2124	334
2125	6
2126	84
2127	84
2128	84
2129	85
2130	85
2131	86
2132	86
2133	63
2134	62
2135	18
2136	244
2137	244
2138	244
2139	244
2140	335
2141	335
2142	335
2143	335
2144	69
2145	69
2146	70
2147	95
2148	95
2149	73
2150	72
2151	23
2152	88
