1	1
2	2
3	3
4	4
5	4
6	4
7	4
8	4
9	4
10	4
11	4
12	4
13	4
14	4
15	5
16	5
17	6
18	7
19	7
20	8
21	9
22	9
23	9
24	10
25	11
26	11
27	11
28	11
29	11
30	11
31	11
32	11
33	11
34	11
35	12
36	2
37	4
38	4
39	4
40	4
41	4
42	4
43	4
44	4
45	4
46	4
47	4
48	4
49	4
50	4
51	4
52	4
53	4
54	4
55	4
56	4
57	4
58	4
59	4
60	4
61	4
62	4
63	4
64	4
65	4
66	4
67	4
68	4
69	4
70	4
71	4
72	4
73	4
74	4
75	4
76	4
77	4
78	4
79	4
80	4
81	4
82	4
83	4
84	4
85	4
86	4
87	13
88	14
89	15
90	16
91	17
92	9
93	9
94	9
95	9
96	9
97	9
98	9
99	9
100	9
101	9
102	9
103	9
104	9
105	9
106	9
107	9
108	9
109	9
110	9
111	9
112	9
113	9
114	18
115	19
116	19
117	20
118	20
119	21
120	22
121	23
122	6
123	6
124	24
125	25
126	26
127	20
128	20
129	21
130	9
131	9
132	9
133	9
134	9
135	9
136	9
137	9
138	9
139	27
140	25
141	6
142	6
143	2
144	23
145	16
146	22
147	13
148	4
149	4
150	4
151	4
152	4
153	4
154	4
155	4
156	4
157	4
158	4
159	4
160	4
161	4
162	4
163	4
164	4
165	4
166	4
167	4
168	4
169	4
170	4
171	4
172	4
173	4
174	4
175	4
176	4
177	4
178	4
179	4
180	4
181	4
182	4
183	28
184	9
185	9
186	9
187	9
188	9
189	9
190	9
191	9
192	9
193	9
194	25
195	2
196	13
197	27
198	21
199	6
200	6
201	4
202	4
203	4
204	4
205	4
206	4
207	4
208	4
209	4
210	4
211	4
212	4
213	4
214	4
215	4
216	4
217	4
218	4
219	4
220	28
221	16
222	20
223	20
224	29
225	2
226	4
227	4
228	4
229	4
230	4
231	4
232	4
233	4
234	4
235	4
236	4
237	4
238	6
239	6
240	23
241	20
242	20
243	21
244	25
245	30
246	16
247	9
248	9
249	9
250	9
251	9
252	9
253	9
254	9
255	9
256	9
257	9
258	9
259	9
260	13
261	19
262	15
263	22
264	19
265	19
266	2
267	31
268	31
269	31
270	25
271	16
272	4
273	4
274	4
275	4
276	4
277	4
278	4
279	4
280	4
281	21
282	27
283	13
284	28
285	20
286	20
287	9
288	9
289	9
290	9
291	9
292	9
293	9
294	6
295	6
296	20
297	20
298	16
299	25
300	4
301	4
302	4
303	4
304	4
305	4
306	4
307	4
308	4
309	4
310	4
311	4
312	4
313	4
314	4
315	4
316	4
317	4
318	4
319	4
320	4
321	4
322	4
323	4
324	4
325	4
326	4
327	4
328	4
329	2
330	27
331	9
332	9
333	9
334	9
335	9
336	9
337	9
338	21
339	28
340	6
341	6
342	13
343	32
344	13
345	2
346	16
347	33
348	20
349	20
350	34
351	34
352	34
353	34
354	34
355	21
356	27
357	9
358	9
359	9
360	9
361	9
362	9
363	9
364	9
365	9
366	28
367	6
368	6
369	25
370	4
371	4
372	4
373	4
374	4
375	4
376	4
377	4
378	4
379	4
380	4
381	4
382	4
383	4
384	4
385	4
386	4
387	4
388	4
389	4
390	4
391	4
392	4
393	4
394	4
395	4
396	4
397	4
398	4
399	4
400	4
401	3
402	35
403	4
404	4
405	4
406	4
407	4
408	4
409	4
410	4
411	4
412	4
413	4
414	4
415	4
416	4
417	4
418	4
419	4
420	4
421	4
422	4
423	4
424	4
425	4
426	2
427	9
428	9
429	6
430	36
431	37
432	38
433	39
434	40
435	40
436	41
437	4
438	4
439	4
440	4
441	4
442	4
443	4
444	4
445	4
446	4
447	4
448	4
449	4
450	4
451	4
452	4
453	4
454	4
455	4
456	4
457	4
458	4
459	4
460	4
461	4
462	4
463	4
464	4
465	4
466	4
467	4
468	4
469	4
470	4
471	4
472	4
473	4
474	4
475	4
476	25
477	21
478	22
479	19
480	31
481	6
482	6
483	6
484	27
485	42
486	42
487	42
488	42
489	42
490	43
491	43
492	28
493	23
494	44
495	16
496	45
497	20
498	20
499	9
500	9
501	9
502	9
503	9
504	9
505	9
506	9
507	9
508	9
509	9
510	9
511	9
512	9
513	9
514	9
515	9
516	9
517	9
518	9
519	9
520	2
521	13
522	2
523	3
524	6
525	46
526	46
527	46
528	46
529	46
530	46
531	9
532	9
533	9
534	4
535	4
536	4
537	4
538	4
539	4
540	4
541	4
542	4
543	4
544	4
545	2
546	4
547	4
548	4
549	4
550	4
551	4
552	4
553	4
554	4
555	47
556	48
557	36
558	6
559	9
560	9
561	15
562	15
563	49
564	50
565	51
566	52
567	47
568	2
569	50
570	36
571	4
572	4
573	4
574	4
575	4
576	4
577	4
578	4
579	4
580	52
581	46
582	15
583	15
584	9
585	9
586	9
587	9
588	9
589	6
590	53
591	54
592	54
593	55
594	3
595	50
596	56
597	4
598	4
599	4
600	4
601	4
602	4
603	4
604	4
605	4
606	4
607	4
608	4
609	2
610	57
611	9
612	9
613	9
614	46
615	6
616	4
617	4
618	4
619	4
620	4
621	4
622	4
623	4
624	4
625	4
626	4
627	23
628	58
629	2
630	22
631	9
632	9
633	9
634	22
635	2
636	59
637	59
638	23
639	9
640	9
641	9
642	9
643	9
644	9
645	9
646	60
647	52
648	61
649	61
650	61
651	6
652	62
653	63
654	63
655	63
656	63
657	63
658	63
659	63
660	63
661	64
662	64
663	64
664	65
665	4
666	4
667	4
668	4
669	4
670	4
671	4
672	4
673	4
674	4
675	4
676	4
677	4
678	4
679	4
680	4
681	4
682	4
683	4
684	4
685	4
686	4
687	4
688	4
689	4
690	4
691	4
692	4
693	4
694	4
695	4
696	4
697	4
698	4
699	4
700	4
701	4
702	4
703	4
704	60
705	62
706	2
707	63
708	63
709	52
710	9
711	9
712	9
713	9
714	9
715	9
716	6
717	59
718	59
719	59
720	60
721	4
722	4
723	4
724	4
725	4
726	4
727	4
728	22
729	64
730	64
731	64
732	6
733	63
734	23
735	2
736	65
737	52
738	9
739	9
740	9
741	9
742	59
743	59
744	66
745	66
746	66
747	66
748	48
749	4
750	4
751	4
752	4
753	4
754	4
755	4
756	4
757	4
758	51
759	52
760	67
761	9
762	9
763	9
764	9
765	9
766	50
767	50
768	49
769	2
770	6
771	47
772	47
773	22
774	68
775	69
776	70
777	47
778	3
779	71
780	9
781	9
782	72
783	4
784	4
785	4
786	4
787	4
788	4
789	4
790	4
791	4
792	4
793	23
794	2
795	23
796	73
797	74
798	74
799	2
800	37
801	4
802	4
803	4
804	4
805	4
806	4
807	4
808	4
809	4
810	4
811	4
812	4
813	4
814	4
815	4
816	4
817	4
818	4
819	4
820	4
821	22
822	9
823	75
824	6
825	76
826	74
827	75
828	4
829	4
830	4
831	4
832	4
833	4
834	4
835	4
836	4
837	4
838	4
839	4
840	4
841	4
842	4
843	4
844	4
845	4
846	4
847	4
848	4
849	4
850	9
851	37
852	2
853	6
854	77
855	78
856	73
857	73
858	79
859	74
860	74
861	74
862	74
863	4
864	4
865	4
866	4
867	4
868	4
869	4
870	4
871	4
872	4
873	80
874	76
875	2
876	37
877	6
878	6
879	9
880	4
881	4
882	4
883	4
884	4
885	4
886	4
887	4
888	4
889	4
890	4
891	4
892	4
893	4
894	4
895	4
896	4
897	4
898	4
899	4
900	4
901	4
902	4
903	4
904	74
905	74
906	76
907	6
908	75
909	2
910	37
911	73
912	9
913	9
914	81
915	22
916	6
917	79
918	50
919	50
920	50
921	9
922	9
923	9
924	9
925	9
926	9
927	77
928	82
929	83
930	84
931	23
932	78
933	85
934	4
935	4
936	4
937	4
938	4
939	4
940	4
941	2
942	23
943	6
944	86
945	4
946	4
947	4
948	4
949	4
950	4
951	4
952	4
953	4
954	4
955	4
956	4
957	4
958	4
959	4
960	4
961	4
962	4
963	4
964	4
965	4
966	4
967	22
968	2
969	87
970	9
971	9
972	9
973	9
974	9
975	9
976	9
977	9
978	23
979	88
980	2
981	78
982	89
983	79
984	3
985	90
986	91
987	91
988	37
989	92
990	80
991	93
992	77
993	94
994	4
995	4
996	4
997	4
998	4
999	4
1000	4
1001	4
1002	4
1003	4
1004	4
1005	4
1006	4
1007	4
1008	4
1009	4
1010	4
1011	4
1012	4
1013	4
1014	4
1015	22
1016	6
1017	2
1018	4
1019	4
1020	4
1021	4
1022	4
1023	4
1024	4
1025	4
1026	4
1027	4
1028	4
1029	4
1030	4
1031	4
1032	4
1033	4
1034	4
1035	9
1036	95
1037	95
1038	80
1039	90
1040	91
1041	91
1042	79
1043	77
1044	22
1045	4
1046	4
1047	4
1048	4
1049	4
1050	4
1051	4
1052	4
1053	37
1054	88
1055	2
1056	92
1057	36
1058	3
1059	23
1060	78
1061	9
1062	93
1063	89
1064	96
1065	97
1066	2
1067	37
1068	23
1069	98
1070	98
1071	4
1072	4
1073	4
1074	4
1075	4
1076	4
1077	4
1078	4
1079	4
1080	4
1081	9
1082	99
1083	100
1084	6
1085	6
1086	22
1087	93
1088	101
1089	102
1090	103
1091	6
1092	2
1093	104
1094	22
1095	22
1096	105
1097	106
1098	4
1099	4
1100	4
1101	4
1102	4
1103	4
1104	4
1105	9
1106	9
1107	9
1108	9
1109	9
1110	9
1111	9
1112	9
1113	9
1114	9
1115	9
1116	9
1117	107
1118	23
1119	108
1120	109
1121	9
1122	9
1123	9
1124	23
1125	107
1126	102
1127	104
1128	4
1129	4
1130	4
1131	4
1132	4
1133	4
1134	4
1135	4
1136	105
1137	108
1138	106
1139	109
1140	6
1141	2
1142	101
1143	103
1144	22
1145	2
1146	6
1147	107
1148	101
1149	22
1150	102
1151	103
1152	23
1153	9
1154	9
1155	9
1156	9
1157	9
1158	9
1159	9
1160	9
1161	105
1162	108
1163	106
1164	4
1165	4
1166	4
1167	4
1168	4
1169	4
1170	4
1171	4
1172	110
1173	104
1174	102
1175	6
1176	103
1177	4
1178	4
1179	4
1180	4
1181	4
1182	4
1183	4
1184	4
1185	101
1186	104
1187	9
1188	9
1189	9
1190	9
1191	2
1192	107
1193	105
1194	106
1195	108
1196	111
1197	108
1198	103
1199	109
1200	101
1201	102
1202	106
1203	9
1204	9
1205	9
1206	9
1207	9
1208	4
1209	4
1210	4
1211	4
1212	4
1213	4
1214	4
1215	4
1216	4
1217	4
1218	4
1219	4
1220	4
1221	4
1222	4
1223	2
1224	2
1225	108
1226	109
1227	23
1228	103
1229	106
1230	112
1231	112
1232	112
1233	112
1234	112
1235	112
1236	4
1237	4
1238	4
1239	4
1240	4
1241	4
1242	4
1243	4
1244	4
1245	4
1246	4
1247	4
1248	4
1249	4
1250	9
1251	9
1252	9
1253	9
1254	9
1255	9
1256	9
1257	9
1258	9
1259	9
1260	9
1261	9
1262	9
1263	9
1264	9
1265	9
1266	9
1267	9
1268	9
1269	9
1270	9
1271	9
1272	9
1273	9
1274	22
1275	104
1276	101
1277	102
1278	107
1279	6
1280	111
1281	4
1282	4
1283	4
1284	4
1285	4
1286	4
1287	4
1288	101
1289	9
1290	6
1291	103
1292	103
1293	2
1294	105
1295	105
1296	108
1297	108
1298	113
1299	113
1300	113
1301	106
1302	112
1303	112
1304	4
1305	4
1306	4
1307	4
1308	4
1309	4
1310	9
1311	9
1312	9
1313	9
1314	103
1315	111
1316	101
1317	108
1318	108
1319	112
1320	102
1321	109
1322	2
1323	106
1324	106
1325	6
1326	104
1327	9
1328	9
1329	9
1330	9
1331	9
1332	9
1333	4
1334	4
1335	4
1336	4
1337	4
1338	4
1339	4
1340	4
1341	22
1342	108
1343	107
1344	23
1345	102
1346	101
1347	105
1348	103
1349	109
1350	2
1351	103
1352	106
1353	112
1354	112
1355	112
1356	112
1357	2
1358	102
1359	4
1360	4
1361	4
1362	4
1363	4
1364	4
1365	4
1366	9
1367	9
1368	9
1369	101
1370	108
1371	105
1372	105
1373	4
1374	4
1375	4
1376	4
1377	4
1378	4
1379	4
1380	4
1381	4
1382	114
1383	6
1384	75
1385	115
1386	2
1387	116
1388	116
1389	117
1390	118
1391	119
1392	120
1393	9
1394	9
1395	121
1396	122
1397	122
1398	115
1399	121
1400	121
1401	116
1402	116
1403	116
1404	114
1405	114
1406	123
1407	123
1408	118
1409	117
1410	2
1411	119
1412	119
1413	9
1414	9
1415	9
1416	9
1417	9
1418	9
1419	9
1420	4
1421	4
1422	4
1423	4
1424	4
1425	4
1426	4
1427	4
1428	4
1429	4
1430	4
1431	4
1432	4
1433	4
1434	4
1435	6
1436	6
1437	124
1438	124
1439	125
1440	126
1441	126
1442	2
1443	127
1444	127
1445	6
1446	128
1447	129
1448	117
1449	4
1450	4
1451	4
1452	4
1453	4
1454	4
1455	4
1456	4
1457	4
1458	4
1459	4
1460	4
1461	4
1462	4
1463	4
1464	4
1465	4
1466	4
1467	4
1468	4
1469	4
1470	4
1471	9
1472	9
1473	9
1474	9
1475	9
1476	122
1477	130
1478	130
1479	130
1480	130
1481	130
1482	130
1483	131
1484	132
1485	133
1486	6
1487	2
1488	130
1489	130
1490	130
1491	130
1492	130
1493	117
1494	4
1495	4
1496	4
1497	4
1498	4
1499	4
1500	4
1501	133
1502	134
1503	9
1504	9
1505	9
1506	9
1507	9
1508	9
1509	9
1510	132
1511	135
1512	4
1513	4
1514	4
1515	4
1516	4
1517	4
1518	4
1519	37
1520	9
1521	9
1522	9
1523	9
1524	9
1525	9
1526	9
1527	9
1528	133
1529	130
1530	130
1531	6
1532	136
1533	2
1534	115
1535	120
1536	6
1537	118
1538	114
1539	75
1540	122
1541	131
1542	119
1543	2
1544	116
1545	9
1546	4
1547	4
1548	4
1549	4
1550	4
1551	4
1552	4
1553	4
1554	4
1555	4
1556	4
1557	4
1558	4
1559	4
1560	4
1561	4
1562	4
1563	4
1564	4
1565	4
1566	4
1567	4
1568	4
1569	4
1570	4
1571	4
1572	4
1573	4
1574	4
1575	114
1576	118
1577	117
1578	119
1579	115
1580	122
1581	120
1582	6
1583	121
1584	121
1585	2
1586	9
1587	9
1588	9
1589	9
1590	9
1591	9
1592	116
1593	131
1594	131
1595	117
1596	123
1597	116
1598	116
1599	4
1600	4
1601	4
1602	4
1603	4
1604	4
1605	4
1606	4
1607	4
1608	4
1609	4
1610	4
1611	4
1612	4
1613	4
1614	4
1615	9
1616	9
1617	9
1618	9
1619	9
1620	9
1621	9
1622	9
1623	9
1624	124
1625	6
1626	126
1627	121
1628	2
1629	2
1630	4
1631	4
1632	4
1633	4
1634	4
1635	4
1636	4
1637	6
1638	9
1639	9
1640	9
1641	9
1642	9
1643	9
1644	9
1645	9
1646	9
1647	9
1648	9
1649	133
1650	137
1651	133
1652	4
1653	4
1654	4
1655	4
1656	4
1657	4
1658	4
1659	130
1660	117
1661	9
1662	9
1663	9
1664	9
1665	9
1666	9
1667	2
1668	37
1669	6
1670	135
1671	9
1672	9
1673	9
1674	9
1675	9
1676	9
1677	9
1678	9
1679	9
1680	9
1681	138
1682	139
1683	139
1684	139
1685	10
1686	6
1687	6
1688	6
1689	140
1690	20
1691	20
1692	27
1693	2
1694	4
1695	4
1696	4
1697	4
1698	4
1699	4
1700	4
1701	4
1702	4
1703	4
1704	4
1705	4
1706	4
1707	4
1708	4
1709	4
1710	4
1711	4
1712	4
1713	4
1714	4
1715	4
1716	4
1717	4
1718	4
1719	4
1720	4
1721	4
1722	4
1723	4
1724	4
1725	4
1726	4
1727	4
1728	4
1729	4
1730	141
1731	24
1732	28
1733	22
1734	31
1735	23
1736	142
1737	142
1738	143
1739	4
1740	4
1741	4
1742	4
1743	4
1744	4
1745	4
1746	4
1747	4
1748	4
1749	4
1750	4
1751	4
1752	4
1753	4
1754	4
1755	4
1756	4
1757	4
1758	4
1759	4
1760	4
1761	4
1762	4
1763	4
1764	4
1765	4
1766	4
1767	4
1768	4
1769	20
1770	20
1771	18
1772	6
1773	6
1774	6
1775	9
1776	9
1777	9
1778	9
1779	9
1780	9
1781	9
1782	13
1783	16
1784	25
1785	21
1786	26
1787	144
1788	2
1789	4
1790	4
1791	4
1792	4
1793	4
1794	4
1795	4
1796	4
1797	4
1798	9
1799	9
1800	9
1801	9
1802	9
1803	9
1804	9
1805	9
1806	9
1807	6
1808	6
1809	28
1810	25
1811	21
1812	13
1813	16
1814	27
1815	20
1816	20
1817	2
1818	25
1819	9
1820	9
1821	9
1822	9
1823	9
1824	9
1825	9
1826	9
1827	9
1828	9
1829	9
1830	9
1831	2
1832	145
1833	4
1834	4
1835	4
1836	4
1837	4
1838	4
1839	4
1840	4
1841	4
1842	4
1843	4
1844	4
1845	6
1846	6
1847	13
1848	21
1849	16
1850	19
1851	26
1852	146
1853	146
1854	146
1855	146
1856	146
1857	146
1858	29
1859	15
1860	15
1861	15
1862	15
1863	15
1864	15
1865	20
1866	20
1867	19
1868	19
1869	116
1870	116
1871	24
1872	147
1873	42
1874	148
1875	148
1876	21
1877	4
1878	4
1879	4
1880	4
1881	4
1882	4
1883	4
1884	4
1885	4
1886	4
1887	4
1888	4
1889	4
1890	4
1891	4
1892	4
1893	4
1894	4
1895	4
1896	4
1897	4
1898	4
1899	4
1900	4
1901	4
1902	4
1903	4
1904	25
1905	2
1906	20
1907	20
1908	149
1909	6
1910	6
1911	13
1912	150
1913	150
1914	16
1915	136
1916	3
1917	9
1918	9
1919	9
1920	9
1921	9
1922	9
1923	9
1924	19
1925	19
1926	6
1927	6
1928	6
1929	4
1930	4
1931	4
1932	4
1933	4
1934	4
1935	4
1936	4
1937	4
1938	4
1939	4
1940	4
1941	4
1942	4
1943	4
1944	4
1945	4
1946	4
1947	4
1948	4
1949	4
1950	4
1951	4
1952	4
1953	4
1954	4
1955	4
1956	4
1957	4
1958	4
1959	9
1960	9
1961	9
1962	9
1963	9
1964	9
1965	9
1966	9
1967	9
1968	145
1969	26
1970	144
1971	16
1972	23
1973	2
1974	29
1975	20
1976	20
1977	13
1978	13
1979	21
1980	15
1981	15
1982	15
1983	15
1984	15
1985	15
1986	146
1987	146
1988	146
1989	146
1990	146
1991	146
1992	146
1993	25
1994	22
1995	151
1996	151
1997	151
1998	151
1999	21
2000	44
2001	31
2002	31
2003	28
2004	6
2005	6
2006	13
2007	9
2008	9
2009	9
2010	9
2011	9
2012	9
2013	9
2014	4
2015	4
2016	4
2017	4
2018	4
2019	4
2020	4
2021	4
2022	4
2023	4
2024	4
2025	4
2026	4
2027	4
2028	4
2029	4
2030	4
2031	4
2032	4
2033	4
2034	4
2035	4
2036	4
2037	20
2038	20
2039	152
2040	27
2041	2
2042	16
2043	19
2044	19
2045	19
2046	25
2047	13
2048	16
2049	20
2050	20
2051	9
2052	9
2053	9
2054	25
2055	6
2056	6
2057	153
2058	33
2059	4
2060	4
2061	4
2062	4
2063	4
2064	4
2065	4
2066	4
2067	4
2068	4
2069	4
2070	4
2071	4
2072	4
2073	4
2074	4
2075	4
2076	4
2077	4
2078	2
2079	21
2080	38
2081	38
2082	19
2083	19
2084	19
2085	146
2086	26
2087	15
2088	21
2089	16
2090	25
2091	9
2092	9
2093	9
2094	9
2095	20
2096	20
2097	29
2098	4
2099	4
2100	4
2101	4
2102	4
2103	4
2104	4
2105	4
2106	4
2107	4
2108	4
2109	4
2110	4
2111	4
2112	4
2113	4
2114	4
2115	4
2116	4
2117	4
2118	4
2119	4
2120	4
2121	4
2122	4
2123	4
2124	4
2125	13
2126	6
2127	6
2128	6
2129	2
2130	19
2131	19
2132	27
2133	31
2134	16
2135	21
2136	13
2137	2
2138	25
2139	4
2140	4
2141	4
2142	4
2143	4
2144	4
2145	4
2146	4
2147	4
2148	4
2149	4
2150	4
2151	4
2152	4
2153	4
2154	4
2155	4
2156	4
2157	4
2158	4
2159	4
2160	4
2161	4
2162	4
2163	4
2164	4
2165	4
2166	4
2167	4
2168	4
2169	4
2170	9
2171	9
2172	9
2173	9
2174	9
2175	9
2176	9
2177	9
2178	9
2179	9
2180	20
2181	20
2182	6
2183	6
2184	28
2185	154
2186	6
2187	155
2188	9
2189	9
2190	9
2191	4
2192	4
2193	4
2194	4
2195	4
2196	4
2197	4
2198	4
2199	4
2200	156
2201	156
2202	157
2203	158
2204	158
2205	2
2206	50
2207	50
2208	159
2209	160
2210	161
2211	162
2212	163
2213	164
2214	165
2215	166
2216	159
2217	23
2218	167
2219	161
2220	50
2221	50
2222	50
2223	155
2224	157
2225	166
2226	158
2227	158
2228	160
2229	4
2230	4
2231	4
2232	4
2233	4
2234	4
2235	4
2236	4
2237	4
2238	22
2239	37
2240	165
2241	2
2242	9
2243	9
2244	9
2245	9
2246	163
2247	164
2248	156
2249	156
2250	154
2251	162
2252	6
2253	4
2254	4
2255	4
2256	4
2257	4
2258	4
2259	4
2260	4
2261	4
2262	4
2263	4
2264	9
2265	9
2266	9
2267	9
2268	46
2269	46
2270	46
2271	46
2272	46
2273	46
2274	46
2275	46
2276	46
2277	46
2278	46
2279	2
2280	15
2281	15
2282	9
2283	9
2284	9
2285	9
2286	6
2287	36
2288	49
2289	168
2290	2
2291	51
2292	4
2293	4
2294	4
2295	4
2296	4
2297	4
2298	4
2299	4
2300	4
2301	50
2302	52
2303	48
2304	47
2305	46
2306	9
2307	9
2308	9
2309	9
2310	2
2311	36
2312	52
2313	48
2314	47
2315	4
2316	4
2317	4
2318	4
2319	4
2320	4
2321	4
2322	4
2323	4
2324	51
2325	15
2326	15
2327	46
2328	6
2329	49
2330	50
2331	6
2332	15
2333	15
2334	48
2335	50
2336	52
2337	36
2338	47
2339	9
2340	9
2341	9
2342	4
2343	4
2344	4
2345	4
2346	4
2347	4
2348	4
2349	4
2350	4
2351	49
2352	2
2353	46
2354	51
2355	63
2356	4
2357	4
2358	4
2359	4
2360	4
2361	4
2362	4
2363	9
2364	9
2365	9
2366	9
2367	65
2368	52
2369	22
2370	59
2371	59
2372	6
2373	62
2374	66
2375	66
2376	66
2377	23
2378	64
2379	64
2380	64
2381	64
2382	64
2383	2
2384	63
2385	63
2386	63
2387	59
2388	169
2389	6
2390	52
2391	170
2392	9
2393	9
2394	9
2395	60
2396	62
2397	4
2398	4
2399	4
2400	4
2401	4
2402	4
2403	4
2404	2
2405	22
2406	66
2407	66
2408	23
2409	62
2410	23
2411	6
2412	59
2413	59
2414	60
2415	66
2416	66
2417	4
2418	4
2419	4
2420	4
2421	4
2422	4
2423	4
2424	4
2425	4
2426	4
2427	4
2428	4
2429	4
2430	4
2431	4
2432	4
2433	4
2434	4
2435	4
2436	22
2437	9
2438	9
2439	9
2440	9
2441	9
2442	9
2443	2
2444	52
2445	22
2446	60
2447	61
2448	61
2449	61
2450	9
2451	9
2452	9
2453	9
2454	9
2455	9
2456	9
2457	9
2458	52
2459	23
2460	62
2461	65
2462	65
2463	65
2464	2
2465	59
2466	59
2467	6
2468	64
2469	64
2470	4
2471	4
2472	4
2473	4
2474	4
2475	4
2476	4
2477	4
2478	4
2479	4
2480	4
2481	4
2482	4
2483	4
2484	4
2485	4
2486	4
2487	4
2488	4
2489	4
2490	4
2491	4
2492	4
2493	4
2494	4
2495	4
2496	66
2497	66
2498	66
2499	4
2500	4
2501	4
2502	4
2503	4
2504	4
2505	4
2506	4
2507	4
2508	4
2509	4
2510	4
2511	4
2512	4
2513	4
2514	4
2515	4
2516	4
2517	4
2518	4
2519	4
2520	4
2521	4
2522	73
2523	73
2524	9
2525	6
2526	6
2527	80
2528	76
2529	37
2530	77
2531	79
2532	74
2533	74
2534	74
2535	74
2536	78
2537	2
2538	6
2539	78
2540	4
2541	4
2542	4
2543	4
2544	4
2545	4
2546	4
2547	4
2548	4
2549	4
2550	4
2551	4
2552	4
2553	4
2554	4
2555	4
2556	4
2557	4
2558	4
2559	4
2560	4
2561	4
2562	74
2563	37
2564	9
2565	2
2566	77
2567	79
2568	73
2569	90
2570	76
2571	79
2572	171
2573	37
2574	37
2575	37
2576	23
2577	77
2578	22
2579	4
2580	4
2581	4
2582	4
2583	4
2584	4
2585	4
2586	4
2587	4
2588	4
2589	4
2590	4
2591	4
2592	4
2593	4
2594	4
2595	4
2596	4
2597	4
2598	93
2599	88
2600	80
2601	9
2602	9
2603	9
2604	2
2605	78
2606	6
2607	91
2608	9
2609	79
2610	22
2611	74
2612	74
2613	37
2614	4
2615	4
2616	4
2617	4
2618	4
2619	4
2620	4
2621	4
2622	4
2623	4
2624	4
2625	4
2626	4
2627	4
2628	4
2629	4
2630	4
2631	4
2632	4
2633	4
2634	4
2635	73
2636	23
2637	75
2638	76
2639	2
2640	77
2641	78
2642	80
2643	6
2644	6
2645	78
2646	77
2647	80
2648	75
2649	37
2650	6
2651	2
2652	74
2653	74
2654	74
2655	79
2656	4
2657	4
2658	4
2659	4
2660	4
2661	4
2662	4
2663	4
2664	4
2665	4
2666	4
2667	4
2668	4
2669	4
2670	4
2671	4
2672	4
2673	4
2674	4
2675	4
2676	4
2677	4
2678	4
2679	9
2680	4
2681	4
2682	4
2683	4
2684	4
2685	4
2686	4
2687	4
2688	4
2689	4
2690	4
2691	4
2692	4
2693	4
2694	4
2695	4
2696	4
2697	4
2698	4
2699	4
2700	4
2701	4
2702	172
2703	90
2704	95
2705	95
2706	173
2707	78
2708	77
2709	9
2710	9
2711	9
2712	6
2713	174
2714	79
2715	2
2716	9
2717	6
2718	82
2719	175
2720	175
2721	175
2722	175
2723	175
2724	175
2725	175
2726	175
2727	175
2728	175
2729	175
2730	175
2731	175
2732	90
2733	4
2734	4
2735	4
2736	4
2737	4
2738	4
2739	4
2740	4
2741	4
2742	4
2743	4
2744	4
2745	4
2746	4
2747	4
2748	4
2749	4
2750	4
2751	4
2752	79
2753	23
2754	77
2755	37
2756	176
2757	168
2758	168
2759	168
2760	78
2761	93
2762	2
2763	177
2764	22
2765	178
2766	179
2767	80
2768	180
2769	180
2770	180
2771	180
2772	180
2773	180
2774	180
2775	180
2776	180
2777	180
2778	180
2779	180
2780	180
2781	181
2782	182
2783	77
2784	177
2785	6
2786	176
2787	2
2788	179
2789	182
2790	37
2791	181
2792	78
2793	82
2794	90
2795	93
2796	4
2797	4
2798	4
2799	4
2800	4
2801	4
2802	4
2803	4
2804	4
2805	4
2806	4
2807	4
2808	4
2809	4
2810	4
2811	4
2812	4
2813	4
2814	4
2815	80
2816	79
2817	9
2818	90
2819	89
2820	74
2821	74
2822	74
2823	2
2824	79
2825	22
2826	78
2827	80
2828	6
2829	9
2830	77
2831	37
2832	23
2833	4
2834	4
2835	4
2836	4
2837	4
2838	4
2839	4
2840	4
2841	4
2842	4
2843	4
2844	4
2845	4
2846	4
2847	4
2848	4
2849	4
2850	4
2851	4
2852	4
2853	4
2854	79
2855	75
2856	74
2857	74
2858	74
2859	78
2860	37
2861	2
2862	6
2863	77
2864	9
2865	4
2866	4
2867	4
2868	4
2869	4
2870	4
2871	4
2872	4
2873	4
2874	4
2875	4
2876	4
2877	4
2878	4
2879	4
2880	4
2881	4
2882	4
2883	4
2884	4
2885	4
2886	4
2887	4
2888	109
2889	4
2890	4
2891	4
2892	4
2893	4
2894	4
2895	4
2896	4
2897	4
2898	4
2899	4
2900	4
2901	4
2902	4
2903	4
2904	4
2905	4
2906	9
2907	9
2908	9
2909	9
2910	23
2911	107
2912	103
2913	106
2914	105
2915	105
2916	2
2917	22
2918	104
2919	102
2920	101
2921	108
2922	108
2923	111
2924	2
2925	106
2926	103
2927	103
2928	108
2929	108
2930	113
2931	113
2932	113
2933	101
2934	23
2935	9
2936	6
2937	22
2938	4
2939	4
2940	4
2941	4
2942	4
2943	4
2944	112
2945	112
2946	112
2947	112
2948	6
2949	4
2950	4
2951	4
2952	4
2953	4
2954	4
2955	4
2956	4
2957	108
2958	103
2959	105
2960	9
2961	9
2962	9
2963	106
2964	101
2965	2
2966	102
2967	23
2968	102
2969	6
2970	106
2971	108
2972	101
2973	22
2974	105
2975	2
2976	112
2977	112
2978	4
2979	4
2980	4
2981	4
2982	4
2983	4
2984	4
2985	4
2986	9
2987	9
2988	103
2989	101
2990	112
2991	112
2992	112
2993	112
2994	112
2995	6
2996	106
2997	103
2998	103
2999	108
3000	108
3001	23
3002	22
3003	111
3004	2
3005	4
3006	4
3007	4
3008	4
3009	4
3010	4
3011	9
3012	109
3013	6
3014	2
3015	9
3016	9
3017	9
3018	9
3019	102
3020	4
3021	4
3022	4
3023	4
3024	4
3025	4
3026	103
3027	106
3028	106
3029	101
3030	111
3031	108
3032	103
3033	102
3034	2
3035	6
3036	9
3037	9
3038	9
3039	9
3040	9
3041	4
3042	4
3043	4
3044	4
3045	4
3046	4
3047	4
3048	4
3049	106
3050	108
3051	104
3052	105
3053	109
3054	101
3055	101
3056	107
3057	111
3058	108
3059	108
3060	103
3061	106
3062	109
3063	9
3064	9
3065	9
3066	102
3067	104
3068	2
3069	4
3070	4
3071	4
3072	4
3073	4
3074	4
3075	4
3076	4
3077	4
3078	4
3079	4
3080	4
3081	4
3082	9
3083	9
3084	9
3085	9
3086	9
3087	4
3088	4
3089	4
3090	4
3091	4
3092	4
3093	108
3094	6
3095	2
3096	109
3097	103
3098	103
3099	103
3100	106
3101	111
3102	101
3103	101
3104	2
3105	4
3106	4
3107	4
3108	4
3109	4
3110	4
3111	4
3112	4
3113	4
3114	4
3115	4
3116	4
3117	4
3118	106
3119	102
3120	103
3121	111
3122	107
3123	108
3124	108
3125	9
3126	9
3127	104
3128	6
3129	117
3130	136
3131	120
3132	119
3133	9
3134	9
3135	115
3136	2
3137	4
3138	4
3139	4
3140	4
3141	4
3142	4
3143	4
3144	4
3145	4
3146	121
3147	118
3148	122
3149	114
3150	116
3151	183
3152	116
3153	4
3154	4
3155	4
3156	4
3157	4
3158	4
3159	4
3160	4
3161	4
3162	4
3163	4
3164	4
3165	4
3166	4
3167	4
3168	6
3169	3
3170	50
3171	37
3172	9
3173	2
3174	136
3175	122
3176	184
3177	130
3178	130
3179	130
3180	130
3181	130
3182	6
3183	2
3184	122
3185	127
3186	116
3187	131
3188	124
3189	119
3190	4
3191	4
3192	4
3193	4
3194	4
3195	4
3196	4
3197	4
3198	114
3199	126
3200	123
3201	185
3202	9
3203	9
3204	9
3205	9
3206	117
3207	186
3208	187
3209	4
3210	4
3211	4
3212	4
3213	4
3214	4
3215	4
3216	4
3217	4
3218	188
3219	189
3220	189
3221	6
3222	190
3223	191
3224	192
3225	2
3226	193
3227	194
3228	3
3229	9
3230	9
3231	9
3232	9
3233	9
3234	9
3235	195
3236	118
3237	119
3238	117
3239	2
3240	6
3241	196
3242	114
3243	116
3244	116
3245	127
3246	122
3247	131
3248	115
3249	124
3250	4
3251	4
3252	4
3253	4
3254	4
3255	4
3256	4
3257	4
3258	121
3259	123
3260	9
3261	9
3262	9
3263	9
3264	9
3265	9
3266	9
3267	9
3268	9
3269	126
3270	23
3271	3
3272	197
3273	198
3274	22
3275	185
3276	192
3277	2
3278	199
3279	136
3280	4
3281	4
3282	4
3283	4
3284	4
3285	4
3286	4
3287	4
3288	4
3289	4
3290	4
3291	4
3292	4
3293	4
3294	4
3295	4
3296	4
3297	4
3298	4
3299	4
3300	4
3301	4
3302	4
3303	4
3304	4
3305	6
3306	9
3307	9
3308	9
3309	9
3310	9
3311	200
3312	200
3313	6
3314	117
3315	115
3316	115
3317	9
3318	9
3319	9
3320	9
3321	9
3322	116
3323	116
3324	22
3325	2
3326	123
3327	119
3328	4
3329	4
3330	4
3331	4
3332	4
3333	4
3334	4
3335	4
3336	121
3337	121
3338	118
3339	127
3340	201
3341	23
3342	185
3343	124
3344	114
3345	126
3346	2
3347	6
3348	202
3349	119
3350	114
3351	121
3352	121
3353	121
3354	117
3355	116
3356	116
3357	131
3358	131
3359	131
3360	131
3361	120
3362	9
3363	9
3364	9
3365	9
3366	9
3367	9
3368	9
3369	9
3370	9
3371	9
3372	122
3373	4
3374	4
3375	4
3376	4
3377	4
3378	4
3379	4
3380	4
3381	4
3382	4
3383	4
3384	4
3385	4
3386	4
3387	4
3388	4
3389	4
3390	4
3391	4
3392	4
3393	4
3394	4
3395	4
3396	4
3397	117
3398	116
3399	116
3400	6
3401	2
3402	9
3403	9
3404	121
3405	121
3406	23
3407	3
3408	22
3409	4
3410	4
3411	4
3412	4
3413	4
3414	4
3415	4
3416	4
3417	4
3418	4
3419	4
3420	4
3421	4
3422	4
3423	4
3424	4
3425	4
3426	4
3427	4
3428	9
3429	116
3430	120
3431	131
3432	2
3433	121
3434	115
3435	6
3436	4
3437	4
3438	4
3439	4
3440	4
3441	4
3442	4
3443	4
3444	4
3445	4
3446	4
3447	4
3448	4
3449	4
3450	4
3451	4
3452	4
3453	117
3454	75
3455	119
3456	118
3457	203
3458	203
5216	6
5217	6
5218	22
5219	204
5220	13
5221	16
5222	27
5223	139
5224	205
5225	206
5226	9
5227	9
5228	9
5229	9
5230	9
5231	9
5232	9
5233	9
5234	9
5235	9
5236	9
5237	9
5238	9
5239	9
5240	9
5241	25
5242	28
5243	31
5244	31
5245	207
5246	21
5247	20
5248	20
5249	23
5250	4
5251	4
5252	4
5253	4
5254	4
5255	4
5256	4
5257	4
5258	4
5259	4
5260	4
5261	4
5262	4
5263	4
5264	4
5265	4
5266	4
5267	4
5268	4
5269	4
5270	4
5271	4
5272	4
5273	4
5274	4
5275	4
5276	4
5277	4
5278	4
5279	4
5280	4
5281	4
5282	4
5283	4
5284	4
5285	2
5286	19
5287	19
5288	2
5289	16
5290	20
5291	20
5292	25
5293	21
5294	28
5295	27
5296	4
5297	4
5298	4
5299	4
5300	4
5301	4
5302	4
5303	4
5304	4
5305	4
5306	4
5307	4
5308	4
5309	4
5310	4
5311	4
5312	4
5313	4
5314	4
5315	4
5316	4
5317	4
5318	13
5319	6
5320	6
5321	9
5322	9
5323	9
5324	9
5325	9
5326	22
5327	208
5328	23
5329	2
5330	19
5331	19
5332	16
5333	9
5334	9
5335	9
5336	9
5337	9
5338	9
5339	9
5340	9
5341	9
5342	116
5343	116
5344	21
5345	13
5346	209
5347	121
5348	6
5349	6
5350	210
5351	210
5352	211
5353	211
5354	20
5355	20
5356	3
5357	4
5358	4
5359	4
5360	4
5361	4
5362	4
5363	4
5364	4
5365	4
5366	4
5367	4
5368	4
5369	4
5370	4
5371	4
5372	4
5373	4
5374	4
5375	4
5376	4
5377	4
5378	4
5379	4
5380	4
5381	4
5382	4
5383	4
5384	4
5385	4
5386	4
5387	4
5388	4
5389	4
5390	4
5391	4
5392	4
5393	4
5394	4
5395	4
5396	25
5397	212
5398	212
5399	19
5400	19
5401	19
5402	13
5403	149
5404	23
5405	213
5406	2
5407	214
5408	153
5409	25
5410	215
5411	216
5412	217
5413	217
5414	217
5415	217
5416	22
5417	9
5418	9
5419	9
5420	9
5421	9
5422	9
5423	9
5424	9
5425	9
5426	9
5427	9
5428	9
5429	20
5430	20
5431	218
5432	38
5433	38
5434	38
5435	4
5436	4
5437	4
5438	4
5439	4
5440	4
5441	4
5442	4
5443	4
5444	4
5445	4
5446	4
5447	4
5448	4
5449	4
5450	4
5451	4
5452	4
5453	4
5454	4
5455	4
5456	4
5457	4
5458	4
5459	219
5460	6
5461	27
5462	28
5463	9
5464	9
5465	9
5466	9
5467	9
5468	9
5469	9
5470	9
5471	9
5472	2
5473	21
5474	16
5475	4
5476	4
5477	4
5478	4
5479	4
5480	4
5481	4
5482	4
5483	4
5484	13
5485	27
5486	20
5487	20
5488	6
5489	6
5490	28
5491	25
5492	4
5493	4
5494	4
5495	4
5496	4
5497	4
5498	4
5499	4
5500	4
5501	4
5502	4
5503	9
5504	9
5505	9
5506	9
5507	9
5508	9
5509	9
5510	9
5511	9
5512	9
5513	9
5514	2
5515	6
5516	46
5517	46
5518	46
5519	46
5520	46
5521	46
5522	46
5523	3
5524	60
5525	4
5526	4
5527	4
5528	4
5529	4
5530	4
5531	4
5532	4
5533	4
5534	4
5535	4
5536	4
5537	4
5538	4
5539	4
5540	4
5541	4
5542	4
5543	62
5544	2
5545	65
5546	22
5547	52
5548	59
5549	59
5550	23
5551	66
5552	66
5553	9
5554	9
5555	9
5556	6
5557	4
5558	4
5559	4
5560	4
5561	4
5562	4
5563	4
5564	6
5565	9
5566	9
5567	59
5568	59
5569	2
5570	63
5571	63
5572	62
5573	64
5574	64
5575	65
5576	52
5577	60
5578	66
5579	60
5580	52
5581	63
5582	2
5583	22
5584	66
5585	66
5586	59
5587	6
5588	64
5589	64
5590	4
5591	4
5592	4
5593	4
5594	4
5595	4
5596	4
5597	9
5598	23
5599	66
5600	66
5601	4
5602	4
5603	4
5604	4
5605	4
5606	4
5607	4
5608	4
5609	4
5610	4
5611	4
5612	4
5613	4
5614	4
5615	4
5616	4
5617	4
5618	4
5619	4
5620	4
5621	4
5622	4
5623	4
5624	4
5625	4
5626	4
5627	4
5628	65
5629	62
5630	59
5631	59
5632	59
5633	6
5634	63
5635	2
5636	22
5637	52
5638	60
5639	61
5640	9
5641	9
5642	9
5643	9
5644	9
5645	9
5646	64
5647	64
5648	23
5649	76
5650	76
5651	73
5652	73
5653	37
5654	6
5655	6
5656	2
5657	4
5658	4
5659	4
5660	4
5661	4
5662	4
5663	4
5664	4
5665	4
5666	9
5667	74
5668	74
5669	95
5670	95
5671	220
5672	23
5673	174
5674	2
5675	78
5676	173
5677	22
5678	79
5679	90
5680	4
5681	4
5682	4
5683	4
5684	4
5685	4
5686	4
5687	4
5688	4
5689	4
5690	4
5691	4
5692	4
5693	4
5694	4
5695	4
5696	4
5697	4
5698	77
5699	221
5700	221
5701	221
5702	222
5703	6
5704	9
5705	9
5706	9
5707	9
5708	178
5709	78
5710	93
5711	9
5712	9
5713	171
5714	180
5715	180
5716	4
5717	4
5718	4
5719	4
5720	4
5721	4
5722	4
5723	4
5724	4
5725	4
5726	4
5727	4
5728	4
5729	4
5730	4
5731	4
5732	4
5733	4
5734	4
5735	91
5736	77
5737	79
5738	2
5739	223
5740	37
5741	37
5742	6
5743	80
5744	180
5745	180
5746	6
5747	6
5748	75
5749	224
5750	224
5751	22
5752	225
5753	225
5754	89
5755	89
5756	77
5757	79
5758	2
5759	226
5760	226
5761	37
5762	175
5763	76
5764	4
5765	4
5766	4
5767	4
5768	4
5769	4
5770	4
5771	4
5772	4
5773	4
5774	4
5775	4
5776	4
5777	4
5778	4
5779	4
5780	4
5781	4
5782	4
5783	4
5784	4
5785	4
5786	4
5787	73
5788	73
5789	80
5790	9
5791	9
5792	9
5793	9
5794	9
5795	90
5796	227
5797	93
5798	23
5799	228
5800	229
5801	178
5802	178
5803	78
5804	230
5805	231
5806	232
5807	232
5808	74
5809	74
5810	91
5811	3
5812	233
5813	233
5814	6
5815	77
5816	4
5817	4
5818	4
5819	4
5820	4
5821	4
5822	4
5823	4
5824	4
5825	4
5826	4
5827	4
5828	4
5829	4
5830	4
5831	4
5832	4
5833	4
5834	4
5835	2
5836	76
5837	22
5838	79
5839	37
5840	74
5841	74
5842	23
5843	78
5844	9
5845	9
5846	101
5847	105
5848	107
5849	2
5850	9
5851	9
5852	106
5853	104
5854	4
5855	4
5856	4
5857	4
5858	4
5859	4
5860	4
5861	4
5862	6
5863	103
5864	103
5865	108
5866	101
5867	102
5868	4
5869	4
5870	4
5871	4
5872	4
5873	4
5874	4
5875	4
5876	4
5877	4
5878	4
5879	4
5880	4
5881	4
5882	4
5883	4
5884	4
5885	4
5886	4
5887	4
5888	108
5889	108
5890	103
5891	105
5892	9
5893	106
5894	2
5895	6
5896	112
5897	107
5898	6
5899	103
5900	9
5901	9
5902	9
5903	104
5904	105
5905	2
5906	102
5907	4
5908	4
5909	4
5910	4
5911	4
5912	4
5913	4
5914	4
5915	4
5916	4
5917	4
5918	4
5919	4
5920	4
5921	108
5922	101
5923	106
5924	102
5925	105
5926	9
5927	9
5928	23
5929	2
5930	4
5931	4
5932	4
5933	4
5934	4
5935	4
5936	4
5937	4
5938	112
5939	112
5940	108
5941	103
5942	101
5943	106
5944	22
5945	105
5946	103
5947	108
5948	4
5949	4
5950	4
5951	4
5952	4
5953	4
5954	4
5955	4
5956	106
5957	102
5958	101
5959	6
5960	107
5961	2
5962	104
5963	109
5964	9
5965	9
5966	9
5967	9
5968	116
5969	116
5970	6
5971	119
5972	124
5973	117
5974	117
5975	121
5976	121
5977	2
5978	185
5979	114
5980	122
5981	127
5982	123
5983	126
5984	9
5985	9
5986	9
5987	9
5988	9
5989	9
5990	9
5991	4
5992	4
5993	4
5994	4
5995	4
5996	4
5997	4
5998	4
5999	4
6000	4
6001	4
6002	4
6003	4
6004	4
6005	4
6006	118
6007	131
6008	115
6009	6
6010	4
6011	4
6012	4
6013	4
6014	4
6015	4
6016	4
6017	4
6018	4
6019	4
6020	4
6021	4
6022	4
6023	4
6024	4
6025	4
6026	4
6027	4
6028	4
6029	4
6030	4
6031	4
6032	4
6033	4
6034	4
6035	37
6036	134
6037	135
6038	130
6039	130
6040	130
6041	127
6042	133
6043	3
6044	9
6045	9
6046	9
6047	9
6048	9
6049	9
6050	136
6051	2
6052	127
6053	117
6054	123
6055	2
6056	4
6057	4
6058	4
6059	4
6060	4
6061	4
6062	4
6063	4
6064	4
6065	4
6066	4
6067	4
6068	4
6069	4
6070	4
6071	131
6072	121
6073	114
6074	119
6075	9
6076	9
6077	9
6078	9
6079	9
6080	9
6081	9
6082	9
6083	122
6084	116
6085	118
6086	124
6087	6
6088	115
6089	126
6090	200
6091	200
6092	200
6093	3
6094	185
6095	198
6096	198
6097	4
6098	4
6099	4
6100	4
6101	4
6102	4
6103	4
6104	4
6105	4
6106	4
6107	4
6108	4
6109	4
6110	4
6111	4
6112	4
6113	4
6114	4
6115	4
6116	4
6117	4
6118	4
6119	4
6120	4
6121	4
6122	6
6123	2
6124	9
6125	9
6126	9
6127	9
6128	9
6129	9
6130	9
6131	75
6132	234
6133	124
6134	124
6135	115
6136	2
6137	9
6138	9
6139	9
6140	9
6141	9
6142	9
6143	9
6144	9
6145	9
6146	9
6147	9
6148	9
6149	126
6150	126
6151	119
6152	117
6153	117
6154	121
6155	121
6156	6
6157	127
6158	127
6159	131
6160	131
6161	131
6162	4
6163	4
6164	4
6165	4
6166	4
6167	4
6168	4
6169	4
6170	4
6171	4
6172	4
6173	4
6174	4
6175	4
6176	4
6177	4
6178	4
6179	4
6180	4
6181	116
6182	116
6183	116
6184	116
6185	116
6186	123
6187	123
6188	122
6189	122
6190	125
6191	125
6192	185
6193	118
