3459	1
3460	2
3461	2
3462	3
3463	4
3464	5
3465	6
3466	6
3467	6
3468	6
3469	6
3470	6
3471	6
3472	6
3473	6
3474	6
3475	6
3476	6
3477	6
3478	7
3479	8
3480	9
3481	10
3482	10
3483	10
3484	10
3485	10
3486	10
3487	10
3488	10
3489	10
3490	10
3491	10
3492	10
3493	10
3494	11
3495	12
3496	13
3497	14
3498	15
3499	16
3500	17
3501	6
3502	6
3503	6
3504	6
3505	6
3506	6
3507	7
3508	18
3509	2
3510	2
3511	2
3512	2
3513	2
3514	10
3515	10
3516	10
3517	10
3518	10
3519	10
3520	19
3521	11
3522	8
3523	12
3524	13
3525	20
3526	1
3527	21
3528	9
3529	3
3530	14
3531	12
3532	20
3533	3
3534	22
3535	11
3536	7
3537	6
3538	6
3539	6
3540	6
3541	10
3542	10
3543	10
3544	10
3545	23
3546	1
3547	2
3548	2
3549	2
3550	2
3551	2
3552	16
3553	5
3554	5
3555	9
3556	21
3557	18
3558	5
3559	23
3560	19
3561	1
3562	16
3563	24
3564	10
3565	10
3566	10
3567	10
3568	10
3569	10
3570	10
3571	10
3572	12
3573	3
3574	6
3575	6
3576	6
3577	6
3578	6
3579	6
3580	6
3581	6
3582	25
3583	22
3584	20
3585	9
3586	14
3587	26
3588	11
3589	7
3590	27
3591	2
3592	2
3593	2
3594	2
3595	2
3596	3
3597	1
3598	18
3599	6
3600	6
3601	6
3602	6
3603	14
3604	14
3605	2
3606	2
3607	21
3608	27
3609	22
3610	12
3611	26
3612	5
3613	5
3614	5
3615	5
3616	5
3617	5
3618	28
3619	9
3620	9
3621	9
3622	15
3623	15
3624	15
3625	15
3626	15
3627	11
3628	16
3629	16
3630	7
3631	10
3632	10
3633	10
3634	10
3635	23
3636	21
3637	15
3638	23
3639	12
3640	10
3641	10
3642	10
3643	10
3644	10
3645	10
3646	10
3647	20
3648	1
3649	1
3650	3
3651	18
3652	9
3653	9
3654	9
3655	2
3656	2
3657	2
3658	2
3659	2
3660	2
3661	2
3662	14
3663	14
3664	6
3665	6
3666	6
3667	6
3668	6
3669	6
3670	6
3671	29
3672	30
3673	31
3674	32
3675	7
3676	16
3677	16
3678	22
3679	5
3680	28
3681	11
3682	33
3683	33
3684	14
3685	28
3686	10
3687	10
3688	10
3689	10
3690	10
3691	10
3692	23
3693	6
3694	6
3695	6
3696	6
3697	6
3698	6
3699	33
3700	5
3701	5
3702	19
3703	19
3704	1
3705	34
3706	18
3707	9
3708	9
3709	9
3710	7
3711	2
3712	22
3713	3
3714	11
3715	16
3716	21
3717	35
3718	12
3719	1
3720	1
3721	20
3722	31
3723	7
3724	18
3725	11
3726	23
3727	12
3728	5
3729	17
3730	3
3731	16
3732	16
3733	30
3734	15
3735	15
3736	15
3737	9
3738	9
3739	9
3740	2
3741	2
3742	2
3743	2
3744	2
3745	2
3746	21
3747	6
3748	6
3749	6
3750	6
3751	22
3752	10
3753	10
3754	10
3755	10
3756	14
3757	14
3758	28
3759	5
3760	5
3761	23
3762	9
3763	12
3764	32
3765	29
3766	10
3767	10
3768	10
3769	3
3770	11
3771	22
3772	7
3773	33
3774	14
3775	16
3776	15
3777	6
3778	6
3779	6
3780	3
3781	16
3782	10
3783	10
3784	10
3785	10
3786	10
3787	33
3788	19
3789	5
3790	7
3791	23
3792	11
3793	12
3794	15
3795	15
3796	14
3797	22
3798	6
3799	6
3800	6
3801	6
3802	6
3803	9
3804	36
3805	15
3806	15
3807	16
3808	4
3809	12
3810	22
3811	10
3812	10
3813	10
3814	10
3815	10
3816	11
3817	19
3818	14
3819	9
3820	28
3821	6
3822	6
3823	6
3824	6
3825	6
3826	23
3827	3
3828	33
3829	7
3830	37
3831	25
3832	23
3833	22
3834	7
3835	15
3836	15
3837	33
3838	2
3839	18
3840	1
3841	10
3842	10
3843	10
3844	10
3845	10
3846	10
3847	10
3848	10
3849	10
3850	10
3851	3
3852	27
3853	24
3854	6
3855	6
3856	6
3857	6
3858	6
3859	6
3860	6
3861	6
3862	6
3863	6
3864	26
3865	21
3866	12
3867	9
3868	11
3869	14
3870	14
3871	22
3872	2
3873	2
3874	2
3875	2
3876	24
3877	25
3878	1
3879	23
3880	9
3881	9
3882	9
3883	34
3884	20
3885	12
3886	26
3887	15
3888	16
3889	16
3890	28
3891	27
3892	3
3893	10
3894	10
3895	10
3896	10
3897	10
3898	11
3899	7
3900	5
3901	21
3902	6
3903	6
3904	6
3905	6
3906	6
3907	18
3908	1
3909	2
3910	2
3911	30
3912	15
3913	15
3914	23
3915	31
3916	16
3917	10
3918	10
3919	10
3920	10
3921	12
3922	9
3923	9
3924	9
3925	11
3926	5
3927	5
3928	14
3929	18
3930	22
3931	33
3932	3
3933	35
3934	21
3935	6
3936	6
3937	6
3938	6
3939	7
3940	23
3941	2
3942	2
3943	2
3944	2
3945	2
3946	2
3947	7
3948	12
3949	3
3950	33
3951	38
3952	10
3953	10
3954	10
3955	10
3956	10
3957	10
3958	10
3959	6
3960	6
3961	6
3962	6
3963	6
3964	6
3965	6
3966	17
3967	28
3968	14
3969	20
3970	5
3971	22
3972	35
3973	11
3974	15
3975	15
3976	1
3977	16
3978	21
3979	9
3980	9
3981	9
3982	29
3983	19
3984	19
3985	18
3986	32
3987	1
3988	3
3989	15
3990	23
3991	11
3992	10
3993	10
3994	10
3995	12
3996	22
3997	7
3998	9
3999	9
4000	9
4001	5
4002	16
4003	6
4004	6
4005	6
4006	2
4007	2
4008	2
4009	2
4010	20
4011	14
4012	10
4013	10
4014	10
4015	10
4016	10
4017	10
4018	10
4019	11
4020	14
4021	7
4022	6
4023	6
4024	6
4025	6
4026	6
4027	6
4028	6
4029	34
4030	34
4031	12
4032	23
4033	16
4034	22
4035	3
4036	9
4037	27
4038	16
4039	1
4040	22
4041	23
4042	18
4043	12
4044	14
4045	9
4046	9
4047	9
4048	21
4049	15
4050	25
4051	10
4052	10
4053	10
4054	10
4055	10
4056	10
4057	26
4058	2
4059	11
4060	17
4061	17
4062	24
4063	7
4064	6
4065	6
4066	6
4067	6
4068	6
4069	6
4070	3
4071	12
4072	1
4073	9
4074	9
4075	9
4076	31
4077	10
4078	10
4079	10
4080	10
4081	10
4082	14
4083	6
4084	6
4085	6
4086	6
4087	6
4088	11
4089	3
4090	16
4091	35
4092	15
4093	5
4094	30
4095	7
4096	19
4097	2
4098	2
4099	2
4100	28
4101	6
4102	6
4103	6
4104	16
4105	1
4106	2
4107	2
4108	21
4109	19
4110	5
4111	5
4112	5
4113	14
4114	17
4115	15
4116	15
4117	15
4118	15
4119	9
4120	9
4121	9
4122	3
4123	33
4124	33
4125	12
4126	35
4127	22
4128	11
4129	18
4130	23
4131	10
4132	10
4133	10
4134	7
4135	28
4136	39
4137	40
4138	40
4139	40
4140	40
4141	40
4142	40
4143	40
4144	40
4145	40
4146	40
4147	40
4148	40
4149	40
4150	40
4151	40
4152	40
4153	40
4154	40
4155	40
4156	40
4157	11
4158	11
4159	9
4160	7
4161	41
4162	41
4163	41
4164	41
4165	41
4166	41
4167	41
4168	41
4169	41
4170	41
4171	41
4172	41
4173	41
4174	41
4175	41
4176	41
4177	41
4178	41
4179	41
4180	41
4181	42
4182	11
4183	11
4184	41
4185	41
4186	41
4187	41
4188	41
4189	41
4190	41
4191	41
4192	41
4193	41
4194	41
4195	41
4196	41
4197	41
4198	41
4199	41
4200	41
4201	41
4202	41
4203	41
4204	41
4205	39
4206	7
4207	42
4208	9
4209	40
4210	40
4211	40
4212	40
4213	40
4214	40
4215	40
4216	40
4217	40
4218	40
4219	40
4220	40
4221	40
4222	40
4223	40
4224	40
4225	40
4226	40
4227	40
4228	40
4229	40
4230	9
4231	7
4232	43
4233	44
4234	45
4235	46
4236	10
4237	10
4238	10
4239	10
4240	10
4241	10
4242	10
4243	10
4244	10
4245	10
4246	10
4247	10
4248	10
4249	10
4250	10
4251	10
4252	10
4253	10
4254	10
4255	10
4256	10
4257	10
4258	10
4259	10
4260	10
4261	10
4262	10
4263	10
4264	10
4265	10
4266	10
4267	10
4268	10
4269	10
4270	10
4271	11
4272	11
4273	47
4274	47
4275	47
4276	47
4277	47
4278	47
4279	47
4280	47
4281	47
4282	47
4283	47
4284	47
4285	47
4286	47
4287	47
4288	47
4289	47
4290	47
4291	47
4292	47
4293	47
4294	47
4295	47
4296	47
4297	47
4298	47
4299	47
4300	47
4301	47
4302	47
4303	47
4304	47
4305	47
4306	47
4307	46
4308	9
4309	47
4310	47
4311	47
4312	47
4313	47
4314	47
4315	47
4316	47
4317	47
4318	47
4319	47
4320	47
4321	47
4322	47
4323	47
4324	47
4325	47
4326	47
4327	47
4328	47
4329	47
4330	7
4331	11
4332	11
4333	45
4334	10
4335	10
4336	10
4337	10
4338	10
4339	10
4340	10
4341	10
4342	10
4343	10
4344	10
4345	10
4346	10
4347	10
4348	10
4349	10
4350	10
4351	10
4352	10
4353	10
4354	10
4355	44
4356	43
4357	44
4358	47
4359	47
4360	47
4361	47
4362	47
4363	47
4364	47
4365	47
4366	47
4367	47
4368	47
4369	47
4370	47
4371	47
4372	47
4373	47
4374	47
4375	47
4376	47
4377	47
4378	43
4379	11
4380	11
4381	46
4382	9
4383	45
4384	10
4385	10
4386	10
4387	10
4388	10
4389	10
4390	10
4391	10
4392	10
4393	10
4394	10
4395	10
4396	10
4397	10
4398	10
4399	10
4400	10
4401	10
4402	10
4403	10
4404	10
4405	10
4406	7
4407	44
4408	11
4409	11
4410	45
4411	46
4412	7
4413	47
4414	47
4415	47
4416	47
4417	47
4418	47
4419	47
4420	47
4421	47
4422	47
4423	47
4424	47
4425	47
4426	10
4427	10
4428	10
4429	10
4430	10
4431	10
4432	10
4433	10
4434	10
4435	10
4436	10
4437	10
4438	10
4439	43
4440	9
4441	7
4442	47
4443	47
4444	47
4445	47
4446	47
4447	47
4448	47
4449	47
4450	47
4451	47
4452	47
4453	47
4454	47
4455	47
4456	47
4457	47
4458	47
4459	47
4460	47
4461	47
4462	47
4463	47
4464	44
4465	10
4466	10
4467	10
4468	10
4469	10
4470	10
4471	10
4472	10
4473	10
4474	10
4475	10
4476	10
4477	10
4478	10
4479	10
4480	10
4481	10
4482	10
4483	10
4484	10
4485	10
4486	10
4487	9
4488	43
4489	45
4490	11
4491	11
4492	46
4493	44
4494	47
4495	47
4496	47
4497	47
4498	47
4499	47
4500	47
4501	47
4502	47
4503	47
4504	47
4505	47
4506	47
4507	47
4508	10
4509	10
4510	10
4511	10
4512	10
4513	10
4514	10
4515	10
4516	10
4517	10
4518	10
4519	10
4520	10
4521	11
4522	11
4523	46
4524	7
4525	9
4526	45
4527	43
4528	46
4529	11
4530	11
4531	44
4532	7
4533	9
4534	47
4535	47
4536	47
4537	47
4538	47
4539	47
4540	47
4541	47
4542	47
4543	47
4544	47
4545	47
4546	47
4547	47
4548	47
4549	47
4550	47
4551	47
4552	47
4553	47
4554	47
4555	47
4556	47
4557	47
4558	47
4559	47
4560	45
4561	10
4562	10
4563	10
4564	10
4565	10
4566	10
4567	10
4568	10
4569	10
4570	10
4571	10
4572	10
4573	10
4574	10
4575	10
4576	10
4577	10
4578	10
4579	10
4580	10
4581	10
4582	10
4583	10
4584	10
4585	10
4586	10
4587	43
4588	11
4589	11
4590	44
4591	43
4592	9
4593	46
4594	10
4595	10
4596	10
4597	10
4598	10
4599	10
4600	10
4601	10
4602	10
4603	10
4604	10
4605	10
4606	10
4607	47
4608	47
4609	47
4610	47
4611	47
4612	47
4613	47
4614	47
4615	47
4616	47
4617	47
4618	47
4619	47
4620	45
4621	7
4622	44
4623	43
4624	45
4625	7
4626	10
4627	10
4628	10
4629	10
4630	10
4631	10
4632	10
4633	10
4634	10
4635	10
4636	10
4637	10
4638	10
4639	10
4640	10
4641	10
4642	10
4643	10
4644	10
4645	10
4646	10
4647	10
4648	47
4649	47
4650	47
4651	47
4652	47
4653	47
4654	47
4655	47
4656	47
4657	47
4658	47
4659	47
4660	47
4661	47
4662	47
4663	47
4664	47
4665	47
4666	47
4667	47
4668	47
4669	47
4670	9
4671	11
4672	11
4673	46
4674	45
4675	43
4676	10
4677	10
4678	10
4679	10
4680	10
4681	10
4682	10
4683	10
4684	10
4685	10
4686	10
4687	10
4688	10
4689	10
4690	10
4691	47
4692	47
4693	47
4694	47
4695	47
4696	47
4697	47
4698	47
4699	47
4700	47
4701	47
4702	47
4703	47
4704	47
4705	7
4706	44
4707	46
4708	11
4709	11
4710	9
4711	7
4712	46
4713	10
4714	10
4715	10
4716	10
4717	10
4718	10
4719	10
4720	10
4721	10
4722	10
4723	10
4724	10
4725	10
4726	10
4727	10
4728	10
4729	10
4730	10
4731	10
4732	10
4733	10
4734	43
4735	47
4736	47
4737	47
4738	47
4739	47
4740	47
4741	47
4742	47
4743	47
4744	47
4745	47
4746	47
4747	47
4748	47
4749	47
4750	47
4751	47
4752	47
4753	47
4754	47
4755	47
4756	47
4757	9
4758	11
4759	11
4760	45
4761	44
4762	47
4763	47
4764	47
4765	47
4766	47
4767	47
4768	47
4769	47
4770	47
4771	47
4772	47
4773	47
4774	47
4775	47
4776	47
4777	47
4778	43
4779	7
4780	44
4781	45
4782	11
4783	11
4784	10
4785	10
4786	10
4787	10
4788	10
4789	10
4790	10
4791	10
4792	10
4793	10
4794	10
4795	10
4796	10
4797	10
4798	10
4799	10
4800	9
4801	46
4802	42
4803	39
4804	41
4805	41
4806	41
4807	41
4808	41
4809	41
4810	41
4811	41
4812	41
4813	41
4814	41
4815	41
4816	41
4817	41
4818	41
4819	41
4820	41
4821	41
4822	41
4823	41
4824	41
4825	41
4826	41
4827	7
4828	11
4829	11
4830	9
4831	40
4832	40
4833	40
4834	40
4835	40
4836	40
4837	40
4838	40
4839	40
4840	40
4841	40
4842	40
4843	40
4844	40
4845	40
4846	40
4847	40
4848	40
4849	40
4850	40
4851	40
4852	40
4853	40
4854	43
4855	10
4856	10
4857	10
4858	10
4859	10
4860	10
4861	10
4862	10
4863	10
4864	10
4865	10
4866	10
4867	10
4868	10
4869	10
4870	10
4871	10
4872	10
4873	10
4874	10
4875	10
4876	10
4877	10
4878	10
4879	10
4880	10
4881	10
4882	10
4883	10
4884	10
4885	10
4886	10
4887	10
4888	10
4889	10
4890	10
4891	10
4892	10
4893	10
4894	10
4895	10
4896	10
4897	10
4898	10
4899	10
4900	10
4901	10
4902	10
4903	10
4904	10
4905	10
4906	10
4907	10
4908	10
4909	10
4910	10
4911	10
4912	10
4913	10
4914	10
4915	10
4916	10
4917	10
4918	10
4919	10
4920	10
4921	10
4922	10
4923	10
4924	10
4925	10
4926	10
4927	10
4928	10
4929	10
4930	10
4931	10
4932	10
4933	10
4934	10
4935	10
4936	10
4937	10
4938	10
4939	10
4940	10
4941	10
4942	10
4943	10
4944	10
4945	10
4946	10
4947	10
4948	10
4949	10
4950	10
4951	10
4952	10
4953	10
4954	10
4955	46
4956	47
4957	47
4958	47
4959	47
4960	47
4961	47
4962	47
4963	47
4964	47
4965	47
4966	47
4967	47
4968	47
4969	47
4970	47
4971	47
4972	47
4973	47
4974	47
4975	47
4976	47
4977	47
4978	47
4979	47
4980	47
4981	47
4982	47
4983	47
4984	47
4985	47
4986	47
4987	47
4988	47
4989	47
4990	47
4991	47
4992	47
4993	47
4994	47
4995	47
4996	47
4997	47
4998	47
4999	47
5000	47
5001	47
5002	47
5003	47
5004	47
5005	47
5006	47
5007	47
5008	47
5009	47
5010	47
5011	47
5012	47
5013	47
5014	47
5015	47
5016	47
5017	47
5018	47
5019	47
5020	47
5021	47
5022	47
5023	47
5024	47
5025	47
5026	47
5027	47
5028	47
5029	47
5030	47
5031	47
5032	47
5033	47
5034	47
5035	47
5036	47
5037	47
5038	47
5039	47
5040	47
5041	47
5042	47
5043	47
5044	47
5045	47
5046	47
5047	47
5048	47
5049	47
5050	47
5051	47
5052	47
5053	47
5054	47
5055	47
5056	9
5057	7
5058	11
5059	11
5060	44
5061	45
5062	11
5063	11
5064	44
5065	45
5066	10
5067	10
5068	10
5069	10
5070	10
5071	10
5072	10
5073	10
5074	10
5075	10
5076	10
5077	10
5078	7
5079	9
5080	43
5081	47
5082	47
5083	47
5084	47
5085	47
5086	47
5087	47
5088	47
5089	47
5090	47
5091	47
5092	47
5093	46
5094	46
5095	9
5096	43
5097	45
5098	7
5099	44
5100	47
5101	47
5102	47
5103	47
5104	47
5105	47
5106	47
5107	47
5108	47
5109	47
5110	47
5111	47
5112	47
5113	47
5114	47
5115	47
5116	47
5117	10
5118	10
5119	10
5120	10
5121	10
5122	10
5123	10
5124	10
5125	10
5126	10
5127	10
5128	10
5129	10
5130	10
5131	10
5132	10
5133	10
5134	11
5135	11
5136	44
5137	7
5138	45
5139	10
5140	10
5141	10
5142	10
5143	10
5144	10
5145	10
5146	10
5147	10
5148	10
5149	10
5150	10
5151	10
5152	10
5153	10
5154	10
5155	10
5156	10
5157	47
5158	47
5159	47
5160	47
5161	47
5162	47
5163	47
5164	47
5165	47
5166	47
5167	47
5168	47
5169	47
5170	47
5171	47
5172	47
5173	47
5174	47
5175	9
5176	11
5177	11
5178	43
5179	46
5180	41
5181	41
5182	41
5183	41
5184	41
5185	41
5186	41
5187	41
5188	41
5189	41
5190	41
5191	41
5192	41
5193	41
5194	41
5195	7
5196	40
5197	40
5198	40
5199	40
5200	40
5201	40
5202	40
5203	40
5204	40
5205	40
5206	40
5207	40
5208	40
5209	40
5210	40
5211	39
5212	9
5213	11
5214	11
5215	42
6194	8
6195	18
6196	17
6197	2
6198	2
6199	2
6200	2
6201	2
6202	10
6203	10
6204	10
6205	10
6206	10
6207	10
6208	10
6209	33
6210	6
6211	6
6212	6
6213	6
6214	6
6215	6
6216	6
6217	7
6218	13
6219	28
6220	14
6221	11
6222	1
6223	21
6224	22
6225	9
6226	9
6227	9
6228	20
6229	15
6230	16
6231	5
6232	5
6233	5
6234	5
6235	5
6236	5
6237	23
6238	12
6239	3
6240	3
6241	12
6242	20
6243	2
6244	2
6245	2
6246	2
6247	2
6248	28
6249	4
6250	15
6251	15
6252	15
6253	14
6254	9
6255	9
6256	9
6257	7
6258	5
6259	23
6260	11
6261	21
6262	10
6263	10
6264	10
6265	10
6266	10
6267	16
6268	19
6269	1
6270	22
6271	6
6272	6
6273	6
6274	6
6275	6
6276	17
6277	33
6278	18
6279	23
6280	15
6281	30
6282	6
6283	6
6284	6
6285	6
6286	6
6287	6
6288	6
6289	6
6290	6
6291	6
6292	6
6293	6
6294	6
6295	6
6296	6
6297	6
6298	6
6299	6
6300	6
6301	6
6302	6
6303	6
6304	29
6305	16
6306	16
6307	9
6308	3
6309	5
6310	5
6311	7
6312	32
6313	22
6314	14
6315	14
6316	11
6317	12
6318	10
6319	10
6320	10
6321	10
6322	10
6323	10
6324	10
6325	10
6326	10
6327	10
6328	10
6329	10
6330	10
6331	10
6332	10
6333	10
6334	10
6335	10
6336	10
6337	10
6338	10
6339	10
6340	33
6341	31
6342	17
6343	19
6344	3
6345	16
6346	16
6347	12
6348	9
6349	9
6350	9
6351	22
6352	2
6353	2
6354	23
6355	15
6356	35
6357	21
6358	14
6359	14
6360	11
6361	1
6362	18
6363	28
6364	5
6365	5
6366	7
6367	15
6368	15
6369	2
6370	2
6371	2
6372	2
6373	2
6374	21
6375	23
6376	1
6377	32
6378	10
6379	10
6380	10
6381	12
6382	3
6383	6
6384	6
6385	6
6386	14
6387	14
6388	7
6389	30
6390	5
6391	28
6392	31
6393	22
6394	33
6395	16
6396	16
6397	9
6398	9
6399	9
6400	19
6401	29
6402	11
6403	20
6404	18
6405	7
6406	39
6407	42
6408	40
6409	40
6410	40
6411	40
6412	40
6413	40
6414	40
6415	40
6416	40
6417	40
6418	40
6419	40
6420	40
6421	40
6422	40
6423	9
6424	41
6425	41
6426	41
6427	41
6428	41
6429	41
6430	41
6431	41
6432	41
6433	41
6434	41
6435	41
6436	41
6437	41
6438	41
6439	11
6440	11
6441	46
6442	44
6443	7
6444	11
6445	11
6446	10
6447	10
6448	10
6449	10
6450	10
6451	10
6452	10
6453	10
6454	10
6455	10
6456	10
6457	10
6458	10
6459	10
6460	10
6461	10
6462	10
6463	10
6464	43
6465	45
6466	9
6467	47
6468	47
6469	47
6470	47
6471	47
6472	47
6473	47
6474	47
6475	47
6476	47
6477	47
6478	47
6479	47
6480	47
6481	47
6482	47
6483	47
6484	47
6485	10
6486	10
6487	10
6488	10
6489	10
6490	10
6491	10
6492	10
6493	10
6494	10
6495	10
6496	10
6497	47
6498	47
6499	47
6500	47
6501	47
6502	47
6503	47
6504	47
6505	47
6506	47
6507	47
6508	47
6509	46
6510	45
6511	9
6512	44
6513	11
6514	11
6515	7
6516	43
6517	45
6518	43
6519	10
6520	10
6521	10
6522	10
6523	10
6524	10
6525	10
6526	10
6527	10
6528	10
6529	10
6530	10
6531	11
6532	11
6533	47
6534	47
6535	47
6536	47
6537	47
6538	47
6539	47
6540	47
6541	47
6542	47
6543	47
6544	47
6545	9
6546	46
6547	7
6548	44
6549	7
6550	42
6551	9
6552	41
6553	41
6554	41
6555	41
6556	41
6557	41
6558	41
6559	41
6560	41
6561	41
6562	41
6563	41
6564	41
6565	41
6566	41
6567	39
6568	11
6569	11
6570	40
6571	40
6572	40
6573	40
6574	40
6575	40
6576	40
6577	40
6578	40
6579	40
6580	40
6581	40
6582	40
6583	40
6584	40
