1	5.795465676537021
2	6.204417643779782
3	6.606551824487549
4	5.730447142285143
5	5.8297738431814725
6	5.8297738431814725
7	7.006094144099979
8	4.2383974131812705
9	4.2383974131812705
10	4.2383974131812705
11	4.751563920070376
12	4.751563920070376
13	4.2383974131812705
14	4.2383974131812705
15	4.751563920070376
16	4.2383974131812705
17	4.751563920070376
18	4.2383974131812705
19	4.2383974131812705
20	4.751563920070376
21	4.751563920070376
22	4.751563920070376
23	4.751563920070376
24	3.641870545476312
25	3.6214878645806303
26	4.775064051018493
27	4.775064051018493
28	4.775064051018493
29	3.8942052591420833
30	4.483843946921347
31	3.4695274791870134
32	3.4695274791870134
33	3.4695274791870134
34	3.4695274791870134
35	3.4695274791870134
36	3.4695274791870134
37	3.4695274791870134
38	3.4695274791870134
39	3.9087530191845334
40	3.9087530191845334
41	4.505489138416724
42	4.505489138416724
43	4.851930678640267
44	7.095564606233559
45	5.101918833680424
46	5.101918833680424
47	3.035029282202368
48	5.908619039704247
49	5.908619039704247
50	6.0056651755283585
51	6.20441737253162
52	5.294172923253308
53	5.294172923253308
54	4.306425027550687
55	5.360517679938427
56	4.772820272209173
57	6.204417643779782
58	4.082102884327093
59	3.8390378733883055
60	4.082102884327093
61	3.8390378733883055
62	6.606551824487549
63	5.730447142285143
64	5.8297738431814725
65	5.8297738431814725
66	7.006094144099979
67	4.2383974131812705
68	4.751563920070376
69	4.775064051018493
70	4.775064051018493
71	4.188872260771338
72	4.021602716028242
73	4.505489138416724
74	7.095564606233559
75	4.1867586271816135
76	4.0273088270355455
77	4.025919998502017
78	5.908619039704247
79	5.908619039704247
80	6.0056651755283585
81	6.20441737253162
82	5.333413013255837
83	5.333413013255837
84	5.294172923253308
85	5.294172923253308
86	5.294172923253308
87	5.145044049904026
88	5.145044049904026
89	5.360517679938427
90	4.190471770573344
91	4.190471770573344
92	4.452491782788312
93	4.747947547421975
94	6.204417643779782
95	5.059453599833226
96	4.9417002152854534
97	4.654936613939628
98	4.767875381943054
99	4.688517705219175
100	4.330555809062995
101	6.606551824487549
102	7.006094144099979
103	4.896360845469316
104	4.643975489117684
105	5.316641200167493
106	5.316641200167493
107	5.415754375324313
108	5.415754375324313
109	5.316641200167493
110	7.095564606233559
111	4.022304622935068
112	5.449364217956276
113	5.48879317689406
114	5.449364217956276
115	5.449364217956276
116	5.449364217956276
117	5.48879317689406
118	5.48879317689406
119	4.528145078253106
120	4.528145078253106
121	6.20441737253162
122	5.159422805417615
123	4.833758902092354
124	4.818760182652936
125	4.818760182652936
126	4.818760182652936
127	5.939977266576012
128	5.939977266576012
129	4.005309236848516
130	4.005309236848516
131	4.005309236848516
132	4.696199070491402
133	4.696199070491402
134	4.432760907742914
135	6.204417643779782
136	6.606551824487549
137	5.730447142285143
138	7.006094144099979
139	4.820273726381918
140	4.729156687108195
141	5.162370214961672
142	4.939314536862748
143	4.939314536862748
144	4.939314536862748
145	4.098228265502939
146	4.098228265502939
147	4.098228265502939
148	4.317791816053071
149	4.098228265502939
150	7.095564606233559
151	4.823115429397673
152	4.589402201744208
153	4.4416323036843135
154	4.627949303784871
155	4.670329363214157
156	4.939469330843529
157	4.389909951772033
158	4.936463474004746
159	4.847813181798864
160	4.895107485406046
161	4.847813181798864
162	4.895107485406046
163	4.7839107222153405
164	4.7839107222153405
165	6.20441737253162
166	2.96189547366785
167	2.889861721258188
168	5.360517679938427
169	5.290786736810575
170	4.833758902092354
171	4.818760182652936
172	4.818760182652936
173	5.294704251297949
174	5.939977266576012
175	5.939977266576012
176	5.939977266576012
177	3.024074987307426
178	3.0906107078284064
179	6.204417643779782
180	6.606551824487549
181	7.006094144099979
182	5.401884543795918
183	5.401884543795918
184	5.401884543795918
185	5.401884543795918
186	5.401884543795918
187	5.401884543795918
188	5.401884543795918
189	5.401884543795918
190	4.35839175864902
191	4.35839175864902
192	4.213358353624391
193	4.213358353624391
194	5.8892439795328455
195	5.8892439795328455
196	5.8892439795328455
197	7.095564606233559
198	4.4416323036843135
199	4.589402201744208
200	4.4416323036843135
201	4.589402201744208
202	4.627949303784871
203	4.627949303784871
204	4.389909951772033
205	6.20441737253162
206	6.0455752658012
207	6.0455752658012
208	3.0232524596337114
209	3.0232524596337114
210	3.0232524596337114
211	4.792755783819694
212	5.939977266576012
213	5.939977266576012
214	5.8772993414790085
215	4.005309236848516
216	4.005309236848516
217	4.696199070491402
218	5.795465676537021
219	5.795465676537021
220	5.367978026134198
221	5.2721596630060805
222	5.2721596630060805
223	5.2721596630060805
224	6.204417643779782
225	6.606551824487549
226	5.730447142285143
227	5.730447142285143
228	7.006094144099979
229	5.401884543795918
230	5.401884543795918
231	4.992778780038518
232	4.35839175864902
233	4.213358353624391
234	7.095564606233559
235	4.191367165737556
236	3.3857849588433355
237	3.3857849588433355
238	4.191367165737556
239	4.389909951772033
240	4.939469330843529
241	6.20441737253162
242	5.360517679938427
243	5.360517679938427
244	5.259639264826527
245	6.204417643779782
246	4.890309216899948
247	4.995117241929405
248	4.334272757407155
249	5.666632155042927
250	5.71025618170573
251	5.71025618170573
252	5.666632155042927
253	6.606551824487549
254	7.006094144099979
255	5.464826241021654
256	5.464826241021654
257	4.65345372149157
258	4.65345372149157
259	5.117321021184726
260	7.095564606233559
261	4.675466710645693
262	5.369479323701659
263	5.369479323701659
264	5.122114257864397
265	6.20441737253162
266	5.451803315900472
267	5.159422805417615
268	5.159422805417615
269	5.451803315900472
270	4.147428968698656
271	4.147428968698656
272	3.951191757934706
273	3.951191757934706
274	4.125578849002185
275	4.125578849002185
276	4.125578849002185
277	4.636868865243934
278	4.636868865243934
279	4.636868865243934
280	6.204417643779782
281	4.567285217961632
282	4.404269108905424
283	4.404269108905424
284	4.232640402026942
285	4.232640402026942
286	3.355451520126517
287	3.355451520126517
288	5.71025618170573
289	5.71025618170573
290	5.666632155042927
291	6.606551824487549
292	7.006094144099979
293	4.1773344555057
294	4.1773344555057
295	4.1773344555057
296	4.363198169015764
297	4.363198169015764
298	4.1052716831067935
299	4.69753446259696
300	4.69753446259696
301	4.69753446259696
302	7.095564606233559
303	4.8670135101617245
304	4.762626055175502
305	4.33374946248197
306	6.20441737253162
307	5.451803315900472
308	5.159422805417615
309	3.5900612308037423
310	3.8008544915035607
311	3.340642377560705
312	3.0770043267933502
313	3.432006687269598
314	6.204417643779782
315	2.9350031514536545
316	2.9350031514536545
317	2.9350031514536545
318	2.9350031514536545
319	4.082102884327093
320	3.8390378733883055
321	6.606551824487549
322	5.730447142285143
323	7.006094144099979
324	4.92656879707502
325	4.751563920070376
326	4.2383974131812705
327	4.2383974131812705
328	4.751563920070376
329	4.775064051018493
330	4.775064051018493
331	3.0692980121155293
332	1.919078092376074
333	2.3617278360175926
334	2.5763413502057926
335	7.095564606233559
336	2.447158031342219
337	2.447158031342219
338	6.20441737253162
339	3.3590762260592624
340	2.332438459915605
341	2.332438459915605
342	1.9493900066449126
343	4.818760182652936
344	4.818760182652936
345	4.818760182652936
346	4.818760182652936
347	4.792755783819694
348	4.80025642694005
349	5.8772993414790085
350	5.939977266576012
351	5.8772993414790085
352	5.939977266576012
353	5.939977266576012
354	5.2721596630060805
355	5.367978026134198
356	6.204417643779782
357	3.6740340004312544
358	3.619823500457278
359	3.742960670214152
360	3.742960670214152
361	3.742960670214152
362	3.742960670214152
363	4.447530124309635
364	6.606551824487549
365	7.006094144099979
366	4.445308346423584
367	4.445308346423584
368	4.445308346423584
369	4.896228502499124
370	5.009777980768516
371	5.8892439795328455
372	5.8892439795328455
373	7.095564606233559
374	6.20441737253162
375	2.5224442335063197
376	2.5224442335063197
377	3.8008544915035607
378	3.5900612308037423
379	2.4456042032735974
380	3.0770043267933502
381	3.340642377560705
382	3.432006687269598
383	6.204417643779782
384	4.995117241929405
385	3.8390378733883055
386	6.606551824487549
387	5.730447142285143
388	7.006094144099979
389	4.92656879707502
390	4.92656879707502
391	4.2383974131812705
392	4.751563920070376
393	4.775064051018493
394	4.775064051018493
395	3.0692980121155293
396	2.3617278360175926
397	1.716003343634799
398	7.095564606233559
399	1.3979400086720375
400	1.6720978579357173
401	4.612741484459406
402	6.20441737253162
403	3.9352048674265805
404	3.9352048674265805
405	4.198986805670932
406	4.198986805670932
407	3.951191757934706
408	3.951191757934706
409	4.3514870904497105
410	4.359019228292673
411	6.204417643779782
412	4.9417002152854534
413	5.059453599833226
414	4.9417002152854534
415	5.059453599833226
416	4.654936613939628
417	4.767875381943054
418	4.767875381943054
419	4.654936613939628
420	4.654936613939628
421	4.767875381943054
422	4.654936613939628
423	4.654936613939628
424	4.767875381943054
425	4.654936613939628
426	4.767875381943054
427	4.890309216899948
428	4.995117241929405
429	6.606551824487549
430	5.730447142285143
431	7.006094144099979
432	5.467961612032986
433	5.634942552271318
434	5.467961612032986
435	5.634942552271318
436	5.467961612032986
437	5.467961612032986
438	5.467961612032986
439	5.467961612032986
440	5.634942552271318
441	5.467961612032986
442	5.634942552271318
443	5.634942552271318
444	5.634942552271318
445	5.634942552271318
446	5.634942552271318
447	5.467961612032986
448	5.467961612032986
449	3.394801777162711
450	3.394801777162711
451	3.394801777162711
452	3.5946135091600975
453	3.5946135091600975
454	3.5946135091600975
455	4.464131710707957
456	4.431910309457632
457	4.431910309457632
458	4.464131710707957
459	4.431910309457632
460	4.464131710707957
461	4.07195561030298
462	3.9097164532343442
463	4.07195561030298
464	4.07195561030298
465	4.07195561030298
466	4.07195561030298
467	3.9097164532343442
468	3.9097164532343442
469	3.9097164532343442
470	3.9097164532343442
471	4.07195561030298
472	3.9097164532343442
473	7.095564606233559
474	4.9295772865907
475	4.9295772865907
476	4.9295772865907
477	3.5981336458132374
478	3.5981336458132374
479	6.20441737253162
480	6.0455752658012
481	6.204417643779782
482	3.9822259916746745
483	4.376905290923814
484	6.606551824487549
485	5.730447142285143
486	4.682884823286573
487	4.566802688102689
488	4.643551368562945
489	7.006094144099979
490	4.726482696784829
491	4.726482696784829
492	4.726482696784829
493	4.446490566453189
494	4.446490566453189
495	4.446490566453189
496	4.293252033147825
497	4.294532357341869
498	4.264345507050092
499	4.189658721049208
500	4.642365580844973
501	4.010554351540322
502	4.137290798522468
503	3.9333354100776505
504	4.5782264914599375
505	7.095564606233559
506	6.20441737253162
507	5.529475270208749
508	5.5854471928461535
509	5.5854471928461535
510	5.529475270208749
511	4.833758902092354
512	4.833758902092354
513	4.833758902092354
514	4.818760182652936
515	4.818760182652936
516	4.818760182652936
517	4.818760182652936
518	4.833758902092354
519	5.939977266576012
520	5.8772993414790085
521	5.939977266576012
522	5.8772993414790085
523	5.8772993414790085
524	5.939977266576012
525	5.939977266576012
526	5.939977266576012
527	5.367978026134198
528	5.2721596630060805
529	5.367978026134198
530	5.367978026134198
531	5.367978026134198
532	5.2721596630060805
533	5.2721596630060805
534	5.2721596630060805
535	3.619823500457278
536	3.6740340004312544
537	3.742960670214152
538	3.8084810565659506
539	4.447530124309635
540	3.874597768703199
541	6.606551824487549
542	7.006094144099979
543	4.445308346423584
544	4.445308346423584
545	4.516059173758282
546	4.445308346423584
547	4.516059173758282
548	4.516059173758282
549	4.445308346423584
550	4.516059173758282
551	5.8892439795328455
552	5.8892439795328455
553	5.8892439795328455
554	5.32511730903533
555	5.32511730903533
556	5.32511730903533
557	5.32511730903533
558	7.095564606233559
559	3.936865458975622
560	3.936865458975622
561	3.936865458975622
562	3.936865458975622
563	5.290786736810575
564	5.294704251297949
565	5.294704251297949
566	5.8772993414790085
567	5.939977266576012
568	5.8772993414790085
569	5.939977266576012
570	6.204417643779782
571	4.128980523966611
572	6.606551824487549
573	5.730447142285143
574	3.8346114207226867
575	7.006094144099979
576	4.359114220414906
577	4.080626486921805
578	4.080626486921805
579	4.35839175864902
580	4.35839175864902
581	4.35839175864902
582	5.8892439795328455
583	5.8892439795328455
584	4.234542591311528
585	4.939314536862748
586	4.939314536862748
587	4.939314536862748
588	7.095564606233559
589	4.589402201744208
590	4.589402201744208
591	4.389909951772033
592	4.939469330843529
593	4.389909951772033
594	3.6685722691845575
595	3.6685722691845575
596	3.6685722691845575
597	4.895107485406046
598	4.847813181798864
599	6.20441737253162
600	6.0455752658012
601	6.0455752658012
602	6.0455752658012
603	6.0455752658012
604	6.0455752658012
605	6.0455752658012
606	4.818760182652936
607	4.833758902092354
608	5.939977266576012
609	5.8772993414790085
610	5.8772993414790085
611	5.939977266576012
612	5.939977266576012
613	5.8772993414790085
614	5.939977266576012
615	5.367978026134198
616	6.204417643779782
617	4.447530124309635
618	4.365768688002192
619	6.606551824487549
620	4.061339366837067
621	4.02739038468497
622	7.006094144099979
623	4.445308346423584
624	4.445308346423584
625	4.516059173758282
626	4.445308346423584
627	4.516059173758282
628	4.445308346423584
629	4.516059173758282
630	4.896228502499124
631	5.009777980768516
632	5.8892439795328455
633	5.8892439795328455
634	5.8892439795328455
635	5.8892439795328455
636	7.095564606233559
637	4.589402201744208
638	6.20441737253162
639	2.012837224705172
640	2.9717395908877777
641	4.237820110794065
642	3.742725131304698
643	6.204417643779782
644	4.549885675770413
645	4.509686296171228
646	6.606551824487549
647	5.730447142285143
648	7.006094144099979
649	4.72525806635996
650	4.52361641905437
651	4.084754963179354
652	4.568072590294782
653	6.532742661798559
654	6.532742661798559
655	6.532742661798559
656	6.532742661798559
657	6.532742661798559
658	6.532742661798559
659	6.532742661798559
660	6.532742661798559
661	6.532742661798559
662	6.532742661798559
663	6.532742661798559
664	6.532742661798559
665	6.532742661798559
666	6.532742661798559
667	6.532742661798559
668	6.532742661798559
669	6.532742661798559
670	6.532742661798559
671	6.532742661798559
672	6.532742661798559
673	6.532742661798559
674	6.532742661798559
675	6.532742661798559
676	6.532742661798559
677	6.532742661798559
678	6.532742661798559
679	6.532742661798559
680	6.532742661798559
681	6.532742661798559
682	6.532742661798559
683	6.532742661798559
684	6.532742661798559
685	6.532742661798559
686	6.532742661798559
687	6.532742661798559
688	6.532742661798559
689	6.532742661798559
690	6.532742661798559
691	4.7771657322149785
692	4.642365580844973
693	4.642365580844973
694	7.095564606233559
695	4.65562818110328
696	4.65562818110328
697	4.65562818110328
698	3.8784068875809954
699	6.20441737253162
700	5.360517679938427
701	4.818760182652936
702	4.818760182652936
703	4.818760182652936
704	4.833758902092354
705	4.833758902092354
706	5.939977266576012
707	5.939977266576012
708	5.939977266576012
709	5.367978026134198
710	5.367978026134198
711	6.204417643779782
712	3.6740340004312544
713	3.619823500457278
714	3.742960670214152
715	3.742960670214152
716	3.742960670214152
717	3.8084810565659506
718	3.8084810565659506
719	3.8084810565659506
720	4.447530124309635
721	4.365768688002192
722	4.365768688002192
723	4.447530124309635
724	6.606551824487549
725	5.730447142285143
726	7.006094144099979
727	4.445308346423584
728	4.516059173758282
729	4.516059173758282
730	4.445308346423584
731	4.516059173758282
732	4.445308346423584
733	4.445308346423584
734	4.516059173758282
735	7.095564606233559
736	4.939469330843529
737	4.389909951772033
738	6.20441737253162
739	3.6841269256130746
740	4.747947547421975
741	4.452491782788312
742	5.4948208361102635
743	5.795465676537021
744	6.204417643779782
745	5.059453599833226
746	4.9417002152854534
747	4.767875381943054
748	4.654936613939628
749	4.142326883154262
750	6.606551824487549
751	7.006094144099979
752	5.208438668964399
753	4.92656879707502
754	4.896360845469316
755	4.643975489117684
756	5.316641200167493
757	5.415754375324313
758	7.095564606233559
759	5.449364217956276
760	5.48879317689406
761	5.449364217956276
762	5.449364217956276
763	5.48879317689406
764	5.48879317689406
765	5.449364217956276
766	5.48879317689406
767	4.528145078253106
768	4.528145078253106
769	6.20441737253162
770	5.451803315900472
771	5.159422805417615
772	5.159422805417615
773	5.451803315900472
774	2.7979596437371956
775	3.5900612308037423
776	3.8008544915035607
777	2.4456042032735974
778	3.0770043267933502
779	6.204417643779782
780	2.9350031514536545
781	2.9350031514536545
782	2.9350031514536545
783	2.9350031514536545
784	2.9350031514536545
785	2.9350031514536545
786	2.9350031514536545
787	2.9350031514536545
788	2.9350031514536545
789	2.9350031514536545
790	2.9350031514536545
791	4.082102884327093
792	3.8390378733883055
793	6.606551824487549
794	5.730447142285143
795	7.006094144099979
796	4.92656879707502
797	3.7647737169110402
798	3.7647737169110402
799	1.0
800	2.2479732663618064
801	4.751563920070376
802	4.2383974131812705
803	4.751563920070376
804	4.2383974131812705
805	4.775064051018493
806	4.775064051018493
807	4.775064051018493
808	3.0692980121155293
809	3.0692980121155293
810	7.095564606233559
811	6.20441737253162
812	3.3590762260592624
813	2.332438459915605
814	2.332438459915605
815	1.9493900066449126
816	4.251662549989794
817	4.3659370228236165
818	3.6639834546082666
819	3.6639834546082666
820	3.6639834546082666
821	2.9951962915971793
822	2.9951962915971793
823	3.8446014196263465
824	4.973178672321011
825	5.136964591105781
826	5.4948208361102635
827	5.795465676537021
828	6.204417643779782
829	6.606551824487549
830	5.730447142285143
831	7.006094144099979
832	4.633135031856373
833	4.1703497391391835
834	4.2820326856053805
835	4.003977241845537
836	7.095564606233559
837	2.7419390777291985
838	1.8976270912904412
839	4.936463474004746
840	4.613122686057697
841	6.20441737253162
842	5.529475270208749
843	5.5854471928461535
844	5.360517679938427
845	5.290786736810575
846	5.290786736810575
847	5.290786736810575
848	5.290786736810575
849	5.290786736810575
850	5.290786736810575
851	5.290786736810575
852	5.290786736810575
853	4.833758902092354
854	4.818760182652936
855	3.794488046659169
856	3.794488046659169
857	3.794488046659169
858	3.794488046659169
859	4.921004592224076
860	4.921004592224076
861	4.902182449689005
862	4.902182449689005
863	5.294704251297949
864	5.294704251297949
865	5.294704251297949
866	5.294704251297949
867	5.294704251297949
868	5.939977266576012
869	4.560946250772999
870	5.367978026134198
871	5.2721596630060805
872	6.204417643779782
873	6.606551824487549
874	7.006094144099979
875	4.521255798181323
876	3.3386556655787
877	4.729156687108195
878	5.162370214961672
879	4.729156687108195
880	5.162370214961672
881	5.32511730903533
882	4.939314536862748
883	4.939314536862748
884	4.2820326856053805
885	4.003977241845537
886	7.095564606233559
887	4.695210157580506
888	4.823115429397673
889	3.716921073166761
890	4.4416323036843135
891	4.589402201744208
892	4.589402201744208
893	4.4416323036843135
894	4.389909951772033
895	4.389909951772033
896	4.936463474004746
897	4.895107485406046
898	4.847813181798864
899	4.847813181798864
900	4.895107485406046
901	4.7839107222153405
902	4.7839107222153405
903	6.20441737253162
904	6.0455752658012
905	6.0455752658012
906	3.6394864892685854
907	3.6394864892685854
908	4.198986805670932
909	4.198986805670932
910	3.9352048674265805
911	3.9352048674265805
912	3.951191757934706
913	4.3514870904497105
914	4.359019228292673
915	4.3514870904497105
916	4.359019228292673
917	4.359019228292673
918	4.3514870904497105
919	6.204417643779782
920	4.654936613939628
921	4.654936613939628
922	4.240374496958233
923	4.240374496958233
924	3.8955882756662623
925	3.8955882756662623
926	3.8955882756662623
927	3.8955882756662623
928	4.890309216899948
929	5.71025618170573
930	5.666632155042927
931	6.606551824487549
932	5.730447142285143
933	7.006094144099979
934	4.92656879707502
935	5.208438668964399
936	4.431910309457632
937	4.464131710707957
938	3.47639682672533
939	3.47639682672533
940	3.47639682672533
941	3.47639682672533
942	7.095564606233559
943	4.067480023931482
944	4.067480023931482
945	5.449364217956276
946	5.449364217956276
947	5.449364217956276
948	5.48879317689406
949	5.48879317689406
950	5.449364217956276
951	5.449364217956276
952	5.48879317689406
953	5.48879317689406
954	5.449364217956276
955	5.449364217956276
956	5.48879317689406
957	5.48879317689406
958	5.449364217956276
959	5.48879317689406
960	5.48879317689406
961	5.48879317689406
962	5.449364217956276
963	5.449364217956276
964	6.20441737253162
965	5.259639264826527
966	4.747947547421975
967	4.452491782788312
968	6.204417643779782
969	5.059453599833226
970	5.059453599833226
971	4.9417002152854534
972	4.654936613939628
973	4.767875381943054
974	4.330555809062995
975	4.688517705219175
976	6.606551824487549
977	7.006094144099979
978	5.464826241021654
979	4.896360845469316
980	4.643975489117684
981	5.316641200167493
982	5.415754375324313
983	5.415754375324313
984	5.316641200167493
985	7.095564606233559
986	4.022304622935068
987	4.022304622935068
988	4.022304622935068
989	4.022304622935068
990	5.449364217956276
991	5.449364217956276
992	5.449364217956276
993	5.449364217956276
994	5.449364217956276
995	5.48879317689406
996	5.48879317689406
997	5.48879317689406
998	5.48879317689406
999	5.48879317689406
1000	3.764026607692037
1001	4.528145078253106
1002	4.528145078253106
1003	6.20441737253162
1004	5.159422805417615
1005	5.159422805417615
1006	5.159422805417615
1007	5.159422805417615
1008	5.795465676537021
1009	5.795465676537021
1010	6.204417643779782
1011	6.606551824487549
1012	7.006094144099979
1013	2.8733206018153985
1014	2.771587480881255
1015	3.787460474518415
1016	3.7788744720027387
1017	3.7788744720027387
1018	3.628491104967123
1019	2.8909795969896885
1020	2.8662873390841948
1021	7.095564606233559
1022	4.23459320248533
1023	3.272769586551759
1024	4.106938450738178
1025	2.8662873390841948
1026	3.739809599021358
1027	3.710117365111816
1028	3.710117365111816
1029	3.510545010206612
1030	2.963787827345555
1031	2.9921114877869495
1032	4.613122686057697
1033	6.20441737253162
1034	4.351274376359436
1035	4.277929946646919
1036	5.084951432072957
1037	5.259639264826527
1038	6.204417643779782
1039	4.995117241929405
1040	5.666632155042927
1041	5.71025618170573
1042	5.71025618170573
1043	5.666632155042927
1044	6.606551824487549
1045	7.006094144099979
1046	5.464826241021654
1047	5.117321021184726
1048	5.415754375324313
1049	5.415754375324313
1050	5.316641200167493
1051	5.316641200167493
1052	7.095564606233559
1053	5.369479323701659
1054	5.122114257864397
1055	5.122114257864397
1056	6.20441737253162
1057	5.529475270208749
1058	5.5854471928461535
1059	5.159422805417615
1060	5.451803315900472
1061	5.451803315900472
1062	5.159422805417615
1063	6.204417643779782
1064	5.059453599833226
1065	5.059453599833226
1066	4.9417002152854534
1067	4.9417002152854534
1068	4.767875381943054
1069	4.654936613939628
1070	6.606551824487549
1071	7.006094144099979
1072	4.896360845469316
1073	4.643975489117684
1074	3.3904051564800803
1075	3.5946135091600975
1076	5.316641200167493
1077	5.316641200167493
1078	7.095564606233559
1079	5.449364217956276
1080	5.48879317689406
1081	5.449364217956276
1082	5.48879317689406
1083	5.449364217956276
1084	5.449364217956276
1085	5.48879317689406
1086	5.48879317689406
1087	5.449364217956276
1088	5.449364217956276
1089	5.48879317689406
1090	5.48879317689406
1091	5.449364217956276
1092	4.528145078253106
1093	6.20441737253162
1094	6.0455752658012
1095	5.159422805417615
1096	5.159422805417615
1097	5.159422805417615
1098	5.159422805417615
1099	5.451803315900472
1100	5.451803315900472
1101	4.833758902092354
1102	4.818760182652936
1103	4.833758902092354
1104	4.818760182652936
1105	4.792755783819694
1106	4.792755783819694
1107	4.792755783819694
1108	4.792755783819694
1109	5.939977266576012
1110	5.939977266576012
1111	5.367978026134198
1112	5.367978026134198
1113	6.204417643779782
1114	3.619823500457278
1115	3.6740340004312544
1116	3.742960670214152
1117	3.8084810565659506
1118	4.447530124309635
1119	4.365768688002192
1120	4.365768688002192
1121	4.447530124309635
1122	4.447530124309635
1123	4.365768688002192
1124	6.606551824487549
1125	7.006094144099979
1126	4.516059173758282
1127	4.445308346423584
1128	4.445308346423584
1129	4.445308346423584
1130	4.516059173758282
1131	4.516059173758282
1132	4.445308346423584
1133	4.516059173758282
1134	4.516059173758282
1135	4.445308346423584
1136	4.445308346423584
1137	4.445308346423584
1138	4.445308346423584
1139	4.516059173758282
1140	3.698535492562001
1141	3.698535492562001
1142	3.698535492562001
1143	3.698535492562001
1144	7.095564606233559
1145	2.4593924877592306
1146	6.20441737253162
1147	3.6841269256130746
1148	3.6841269256130746
1149	3.6841269256130746
1150	3.6841269256130746
1151	3.6841269256130746
1152	3.6841269256130746
1153	2.869818207979328
1154	2.8733206018153985
1155	5.939977266576012
1156	5.939977266576012
1157	5.939977266576012
1158	5.8772993414790085
1159	5.8772993414790085
1160	5.8772993414790085
1161	5.939977266576012
1162	4.696199070491402
1163	4.696199070491402
1164	4.696199070491402
1165	4.696199070491402
1166	5.367978026134198
1167	5.367978026134198
1168	5.367978026134198
1169	6.204417643779782
1170	3.6740340004312544
1171	3.619823500457278
1172	4.447530124309635
1173	3.874597768703199
1174	6.606551824487549
1175	7.006094144099979
1176	5.8892439795328455
1177	5.8892439795328455
1178	5.8892439795328455
1179	5.32511730903533
1180	5.32511730903533
1181	5.32511730903533
1182	7.095564606233559
1183	4.627949303784871
1184	4.627949303784871
1185	5.872871540627286
1186	4.389909951772033
1187	6.20441737253162
1188	3.538824988937903
1189	3.538824988937903
1190	3.538824988937903
1191	4.3514870904497105
1192	4.359019228292673
1193	4.3514870904497105
1194	4.3514870904497105
1195	4.359019228292673
1196	4.359019228292673
1197	4.359019228292673
1198	4.3514870904497105
1199	6.204417643779782
1200	4.654936613939628
1201	4.767875381943054
1202	4.767875381943054
1203	4.767875381943054
1204	4.767875381943054
1205	4.654936613939628
1206	4.654936613939628
1207	4.654936613939628
1208	4.240374496958233
1209	3.8955882756662623
1210	4.240374496958233
1211	3.8955882756662623
1212	4.240374496958233
1213	4.240374496958233
1214	4.240374496958233
1215	3.8955882756662623
1216	3.8955882756662623
1217	3.8955882756662623
1218	4.890309216899948
1219	4.890309216899948
1220	4.890309216899948
1221	4.890309216899948
1222	4.890309216899948
1223	5.71025618170573
1224	5.666632155042927
1225	5.71025618170573
1226	5.71025618170573
1227	5.666632155042927
1228	6.606551824487549
1229	5.730447142285143
1230	7.006094144099979
1231	5.634942552271318
1232	5.467961612032986
1233	5.467961612032986
1234	5.634942552271318
1235	4.431910309457632
1236	4.464131710707957
1237	4.464131710707957
1238	4.431910309457632
1239	7.095564606233559
1240	4.067480023931482
1241	4.939743829620211
1242	6.20441737253162
1243	5.360517679938427
1244	3.240299582002712
1245	3.240299582002712
1246	3.0729847446279304
1247	3.0729847446279304
1248	3.0729847446279304
1249	5.8772993414790085
1250	5.939977266576012
1251	5.939977266576012
1252	5.8772993414790085
1253	4.005309236848516
1254	4.005309236848516
1255	4.696199070491402
1256	4.696199070491402
1257	5.2721596630060805
1258	5.367978026134198
1259	5.367978026134198
1260	5.2721596630060805
1261	6.204417643779782
1262	6.606551824487549
1263	5.730447142285143
1264	7.006094144099979
1265	4.820273726381918
1266	5.162370214961672
1267	4.729156687108195
1268	4.939314536862748
1269	4.939314536862748
1270	4.939314536862748
1271	4.098228265502939
1272	7.095564606233559
1273	4.389909951772033
1274	4.939469330843529
1275	4.895107485406046
1276	4.847813181798864
1277	4.895107485406046
1278	4.847813181798864
1279	4.895107485406046
1280	4.847813181798864
1281	4.895107485406046
1282	4.847813181798864
1283	4.895107485406046
1284	4.847813181798864
1285	6.20441737253162
1286	2.96189547366785
1287	2.889861721258188
1288	2.96189547366785
1289	2.889861721258188
1290	3.538824988937903
1291	3.538824988937903
1292	3.538824988937903
1293	3.6394864892685854
1294	3.981093423145929
1295	3.9652017010259115
1296	4.198986805670932
1297	3.9352048674265805
1298	4.359019228292673
1299	4.3514870904497105
1300	4.359019228292673
1301	4.3514870904497105
1302	4.3514870904497105
1303	4.359019228292673
1304	6.204417643779782
1305	4.654936613939628
1306	4.767875381943054
1307	4.767875381943054
1308	4.654936613939628
1309	4.654936613939628
1310	4.767875381943054
1311	4.654936613939628
1312	4.767875381943054
1313	4.240374496958233
1314	3.8955882756662623
1315	3.8955882756662623
1316	3.8955882756662623
1317	3.8955882756662623
1318	4.156972941896297
1319	4.890309216899948
1320	4.890309216899948
1321	4.890309216899948
1322	5.666632155042927
1323	5.666632155042927
1324	5.71025618170573
1325	5.71025618170573
1326	6.606551824487549
1327	7.006094144099979
1328	7.095564606233559
1329	5.449364217956276
1330	5.48879317689406
1331	5.449364217956276
1332	5.449364217956276
1333	5.449364217956276
1334	5.48879317689406
1335	5.449364217956276
1336	5.449364217956276
1337	5.449364217956276
1338	5.449364217956276
1339	5.48879317689406
1340	5.449364217956276
1341	5.48879317689406
1342	5.48879317689406
1343	5.449364217956276
1344	5.449364217956276
1345	5.449364217956276
1346	5.449364217956276
1347	5.48879317689406
1348	5.48879317689406
1349	5.48879317689406
1350	5.48879317689406
1351	5.449364217956276
1352	5.48879317689406
1353	5.48879317689406
1354	5.48879317689406
1355	5.48879317689406
1356	5.449364217956276
1357	5.48879317689406
1358	5.48879317689406
1359	5.449364217956276
1360	5.449364217956276
1361	5.449364217956276
1362	5.449364217956276
1363	5.449364217956276
1364	5.449364217956276
1365	5.48879317689406
1366	5.48879317689406
1367	5.48879317689406
1368	5.48879317689406
1369	5.48879317689406
1370	5.48879317689406
1371	5.48879317689406
1372	5.449364217956276
1373	5.122114257864397
1374	5.122114257864397
1375	5.122114257864397
1376	5.122114257864397
1377	6.20441737253162
1378	2.869818207979328
1379	2.869818207979328
1380	2.8733206018153985
1381	2.8733206018153985
1382	4.792755783819694
1383	4.792755783819694
1384	4.792755783819694
1385	4.80025642694005
1386	4.80025642694005
1387	4.80025642694005
1388	5.8772993414790085
1389	5.939977266576012
1390	5.939977266576012
1391	5.939977266576012
1392	5.939977266576012
1393	5.8772993414790085
1394	5.8772993414790085
1395	3.651956069533074
1396	3.8505849763520312
1397	3.8505849763520312
1398	3.651956069533074
1399	5.367978026134198
1400	5.367978026134198
1401	5.367978026134198
1402	5.367978026134198
1403	6.204417643779782
1404	4.447530124309635
1405	3.874597768703199
1406	6.606551824487549
1407	4.02739038468497
1408	4.02739038468497
1409	4.061339366837067
1410	4.061339366837067
1411	4.02739038468497
1412	4.061339366837067
1413	4.061339366837067
1414	4.02739038468497
1415	4.02739038468497
1416	4.061339366837067
1417	4.3325596414674035
1418	4.3325596414674035
1419	4.3325596414674035
1420	4.311796229182407
1421	4.311796229182407
1422	4.311796229182407
1423	7.006094144099979
1424	4.516059173758282
1425	4.445308346423584
1426	4.445308346423584
1427	4.445308346423584
1428	4.445308346423584
1429	4.516059173758282
1430	4.445308346423584
1431	5.009777980768516
1432	4.896228502499124
1433	7.095564606233559
1434	5.872871540627286
1435	4.389909951772033
1436	4.939469330843529
1437	6.20441737253162
1438	3.936865458975622
1439	3.936865458975622
1440	3.9352048674265805
1441	4.198986805670932
1442	3.9352048674265805
1443	4.198986805670932
1444	3.951191757934706
1445	4.3514870904497105
1446	4.359019228292673
1447	4.359019228292673
1448	4.3514870904497105
1449	6.204417643779782
1450	4.654936613939628
1451	4.654936613939628
1452	4.767875381943054
1453	3.8955882756662623
1454	3.8955882756662623
1455	3.8955882756662623
1456	4.240374496958233
1457	3.8955882756662623
1458	3.8955882756662623
1459	3.8955882756662623
1460	4.890309216899948
1461	4.890309216899948
1462	5.71025618170573
1463	5.666632155042927
1464	6.606551824487549
1465	5.730447142285143
1466	7.006094144099979
1467	5.467961612032986
1468	5.634942552271318
1469	5.467961612032986
1470	5.634942552271318
1471	4.431910309457632
1472	4.464131710707957
1473	3.47639682672533
1474	3.47639682672533
1475	7.095564606233559
1476	5.48879317689406
1477	5.48879317689406
1478	5.48879317689406
1479	5.449364217956276
1480	5.48879317689406
1481	5.48879317689406
1482	5.449364217956276
1483	5.449364217956276
1484	5.449364217956276
1485	5.48879317689406
1486	5.449364217956276
1487	5.449364217956276
1488	5.122114257864397
1489	3.5981336458132374
1490	6.20441737253162
1491	5.360517679938427
1492	4.1816721220682656
1493	6.204417643779782
1494	3.9822259916746745
1495	4.376905290923814
1496	6.606551824487549
1497	4.682884823286573
1498	5.730447142285143
1499	4.566802688102689
1500	4.643551368562945
1501	7.006094144099979
1502	4.726482696784829
1503	4.446490566453189
1504	5.467961612032986
1505	7.095564606233559
1506	4.0520009801013
1507	6.20441737253162
1508	3.0652061280543115
1509	5.529475270208749
1510	5.5854471928461535
1511	5.939977266576012
1512	5.939977266576012
1513	4.005309236848516
1514	4.005309236848516
1515	6.204417643779782
1516	6.606551824487549
1517	5.730447142285143
1518	5.730447142285143
1519	5.730447142285143
1520	7.006094144099979
1521	4.390811509786937
1522	4.390811509786937
1523	4.390811509786937
1524	4.729156687108195
1525	5.162370214961672
1526	4.939314536862748
1527	4.939314536862748
1528	4.939314536862748
1529	4.939314536862748
1530	4.939314536862748
1531	4.939314536862748
1532	4.003977241845537
1533	4.2820326856053805
1534	4.098228265502939
1535	4.317791816053071
1536	7.095564606233559
1537	4.823115429397673
1538	4.4416323036843135
1539	4.589402201744208
1540	4.627949303784871
1541	4.627949303784871
1542	4.389909951772033
1543	4.936463474004746
1544	4.895107485406046
1545	4.847813181798864
1546	4.847813181798864
1547	4.895107485406046
1548	4.847813181798864
1549	4.895107485406046
1550	4.847813181798864
1551	4.895107485406046
1552	4.847813181798864
1553	4.847813181798864
1554	4.895107485406046
1555	4.895107485406046
1556	4.7839107222153405
1557	4.7839107222153405
1558	4.7839107222153405
1559	4.7839107222153405
1560	4.7839107222153405
1561	4.7839107222153405
1562	6.20441737253162
1563	5.360517679938427
1564	5.360517679938427
1565	5.360517679938427
1566	3.9352048674265805
1567	4.198986805670932
1568	3.951191757934706
1569	4.147428968698656
1570	3.951191757934706
1571	4.3514870904497105
1572	4.359019228292673
1573	6.204417643779782
1574	4.654936613939628
1575	4.767875381943054
1576	4.767875381943054
1577	4.654936613939628
1578	3.8955882756662623
1579	4.890309216899948
1580	4.890309216899948
1581	4.890309216899948
1582	5.666632155042927
1583	5.71025618170573
1584	5.71025618170573
1585	5.666632155042927
1586	5.71025618170573
1587	5.666632155042927
1588	5.71025618170573
1589	5.666632155042927
1590	6.606551824487549
1591	7.006094144099979
1592	3.5946135091600975
1593	4.431910309457632
1594	4.464131710707957
1595	7.095564606233559
1596	4.067480023931482
1597	4.067480023931482
1598	5.449364217956276
1599	5.48879317689406
1600	5.449364217956276
1601	5.48879317689406
1602	5.449364217956276
1603	5.48879317689406
1604	5.449364217956276
1605	5.449364217956276
1606	5.48879317689406
1607	5.48879317689406
1608	5.122114257864397
1609	3.5981336458132374
1610	6.20441737253162
1611	3.9184497424011573
1612	6.204417643779782
1613	4.742269393535128
1614	3.4690852991231202
1615	3.9822259916746745
1616	4.376905290923814
1617	6.606551824487549
1618	4.682884823286573
1619	5.730447142285143
1620	4.566802688102689
1621	4.643551368562945
1622	4.566802688102689
1623	4.643551368562945
1624	7.006094144099979
1625	4.446490566453189
1626	4.446490566453189
1627	4.446490566453189
1628	4.446490566453189
1629	5.634942552271318
1630	5.634942552271318
1631	5.467961612032986
1632	5.467961612032986
1633	4.835341727828341
1634	4.642365580844973
1635	4.010554351540322
1636	4.5782264914599375
1637	4.5782264914599375
1638	4.6024615280416095
1639	4.6024615280416095
1640	7.095564606233559
1641	3.6397852129868196
1642	3.7812525942484565
1643	6.20441737253162
1644	5.529475270208749
1645	5.5854471928461535
1646	4.351274376359436
1647	4.277929946646919
1648	5.259639264826527
1649	5.084951432072957
1650	6.204417643779782
1651	4.995117241929405
1652	4.995117241929405
1653	5.666632155042927
1654	5.666632155042927
1655	5.71025618170573
1656	5.71025618170573
1657	5.71025618170573
1658	5.666632155042927
1659	6.606551824487549
1660	7.006094144099979
1661	5.464826241021654
1662	5.464826241021654
1663	5.464826241021654
1664	5.117321021184726
1665	5.316641200167493
1666	7.095564606233559
1667	4.675466710645693
1668	4.675466710645693
1669	4.675466710645693
1670	4.675466710645693
1671	5.369479323701659
1672	5.369479323701659
1673	5.369479323701659
1674	5.122114257864397
1675	6.20441737253162
1676	5.529475270208749
1677	5.5854471928461535
1678	5.159422805417615
1679	5.451803315900472
1680	5.451803315900472
1681	5.159422805417615
1682	5.159422805417615
1683	5.451803315900472
1684	5.290786736810575
1685	4.818760182652936
1686	4.818760182652936
1687	4.818760182652936
1688	4.818760182652936
1689	5.294704251297949
1690	5.294704251297949
1691	5.939977266576012
1692	5.8772993414790085
1693	6.204417643779782
1694	6.606551824487549
1695	5.730447142285143
1696	7.006094144099979
1697	5.162370214961672
1698	4.729156687108195
1699	5.8892439795328455
1700	4.084790691407905
1701	4.084790691407905
1702	7.095564606233559
1703	4.823115429397673
1704	4.4416323036843135
1705	4.589402201744208
1706	4.589402201744208
1707	4.4416323036843135
1708	4.670329363214157
1709	4.627949303784871
1710	4.936463474004746
1711	4.074852995881247
1712	4.847813181798864
1713	4.895107485406046
1714	6.20441737253162
1715	6.0455752658012
1716	6.0455752658012
1717	4.125578849002185
1718	4.125578849002185
1719	4.636868865243934
1720	4.636868865243934
1721	4.636868865243934
1722	4.636868865243934
1723	4.636868865243934
1724	4.636868865243934
1725	6.204417643779782
1726	3.976625052050727
1727	3.976625052050727
1728	4.567285217961632
1729	4.404269108905424
1730	4.567285217961632
1731	4.404269108905424
1732	5.666632155042927
1733	5.71025618170573
1734	6.606551824487549
1735	7.006094144099979
1736	4.1773344555057
1737	4.1773344555057
1738	4.69753446259696
1739	4.69753446259696
1740	4.69753446259696
1741	4.69753446259696
1742	4.69753446259696
1743	4.69753446259696
1744	7.095564606233559
1745	4.8670135101617245
1746	4.8670135101617245
1747	4.762626055175502
1748	4.762626055175502
1749	4.8670135101617245
1750	4.762626055175502
1751	4.762626055175502
1752	4.8670135101617245
1753	4.8670135101617245
1754	4.762626055175502
1755	4.33374946248197
1756	6.20441737253162
1757	4.277929946646919
1758	4.351274376359436
1759	5.084951432072957
1760	5.259639264826527
1761	6.204417643779782
1762	4.995117241929405
1763	4.995117241929405
1764	5.666632155042927
1765	5.666632155042927
1766	5.71025618170573
1767	5.71025618170573
1768	6.606551824487549
1769	5.730447142285143
1770	7.006094144099979
1771	5.464826241021654
1772	5.464826241021654
1773	5.117321021184726
1774	5.316641200167493
1775	5.316641200167493
1776	7.095564606233559
1777	4.675466710645693
1778	4.675466710645693
1779	5.369479323701659
1780	5.369479323701659
1781	5.122114257864397
1782	6.20441737253162
1783	5.5854471928461535
1784	5.529475270208749
1785	5.451803315900472
1786	5.159422805417615
1787	5.159422805417615
1788	5.451803315900472
1789	5.451803315900472
1790	5.159422805417615
1791	4.973178672321011
1792	5.136964591105781
1793	4.973178672321011
1794	5.136964591105781
1795	5.136964591105781
1796	5.136964591105781
1797	4.973178672321011
1798	4.973178672321011
1799	5.795465676537021
1800	5.795465676537021
1801	5.795465676537021
1802	5.795465676537021
1803	5.795465676537021
1804	5.795465676537021
1805	5.795465676537021
1806	5.795465676537021
1807	5.795465676537021
1808	5.795465676537021
1809	6.204417643779782
1810	6.606551824487549
1811	7.006094144099979
1812	3.7788744720027387
1813	3.7788744720027387
1814	3.628491104967123
1815	7.095564606233559
1816	3.272769586551759
1817	3.272769586551759
1818	2.0334237554869494
1819	1.968482948553935
1820	4.106938450738178
1821	4.106938450738178
1822	3.710117365111816
1823	3.710117365111816
1824	3.510545010206612
1825	3.510545010206612
1826	6.20441737253162
1827	2.5224442335063197
1828	3.8008544915035607
1829	3.5900612308037423
1830	3.0770043267933502
1831	3.340642377560705
1832	3.432006687269598
1833	6.204417643779782
1834	2.9350031514536545
1835	2.9350031514536545
1836	4.082102884327093
1837	4.082102884327093
1838	3.8390378733883055
1839	4.082102884327093
1840	6.606551824487549
1841	5.730447142285143
1842	7.006094144099979
1843	4.2383974131812705
1844	4.751563920070376
1845	4.751563920070376
1846	4.751563920070376
1847	4.2383974131812705
1848	4.2383974131812705
1849	4.775064051018493
1850	4.775064051018493
1851	4.775064051018493
1852	4.775064051018493
1853	4.775064051018493
1854	4.188872260771338
1855	4.02771646220899
1856	4.021602716028242
1857	7.095564606233559
1858	4.1867586271816135
1859	4.1867586271816135
1860	4.025919998502017
1861	0.9542425094393249
1862	6.20441737253162
1863	3.3590762260592624
1864	2.332438459915605
1865	2.332438459915605
1866	4.190471770573344
1867	5.259639264826527
1868	4.747947547421975
1869	4.452491782788312
1870	5.795465676537021
1871	6.204417643779782
1872	5.059453599833226
1873	4.9417002152854534
1874	5.059453599833226
1875	4.9417002152854534
1876	4.654936613939628
1877	4.767875381943054
1878	4.330555809062995
1879	4.688517705219175
1880	6.606551824487549
1881	7.006094144099979
1882	4.896360845469316
1883	4.896360845469316
1884	4.643975489117684
1885	4.643975489117684
1886	5.316641200167493
1887	5.415754375324313
1888	5.415754375324313
1889	5.316641200167493
1890	5.316641200167493
1891	5.415754375324313
1892	7.095564606233559
1893	4.022304622935068
1894	5.449364217956276
1895	5.48879317689406
1896	5.48879317689406
1897	5.48879317689406
1898	5.449364217956276
1899	5.449364217956276
1900	5.48879317689406
1901	5.449364217956276
1902	4.528145078253106
1903	6.20441737253162
1904	5.159422805417615
1905	2.7979596437371956
1906	2.5224442335063197
1907	2.5224442335063197
1908	3.5900612308037423
1909	3.8008544915035607
1910	2.4456042032735974
1911	3.340642377560705
1912	3.0770043267933502
1913	6.204417643779782
1914	4.082102884327093
1915	4.082102884327093
1916	4.082102884327093
1917	3.8390378733883055
1918	4.082102884327093
1919	6.606551824487549
1920	7.006094144099979
1921	4.92656879707502
1922	3.7647737169110402
1923	3.34222522936079
1924	3.34222522936079
1925	4.751563920070376
1926	4.751563920070376
1927	4.2383974131812705
1928	4.2383974131812705
1929	4.775064051018493
1930	4.775064051018493
1931	4.775064051018493
1932	3.0692980121155293
1933	7.095564606233559
1934	4.612741484459406
1935	2.447158031342219
1936	6.20441737253162
1937	3.3590762260592624
1938	1.414973347970818
1939	1.414973347970818
1940	1.414973347970818
1941	1.414973347970818
1942	5.461243337580772
1943	5.461243337580772
1944	3.8008544915035607
1945	3.5900612308037423
1946	5.795465676537021
1947	3.432006687269598
1948	3.432006687269598
1949	3.432006687269598
1950	3.432006687269598
1951	6.204417643779782
1952	1.7634279935629371
1953	6.606551824487549
1954	1.7923916894982537
1955	7.006094144099979
1956	4.92656879707502
1957	3.34222522936079
1958	1.9956351945975497
1959	1.7708520116421442
1960	3.0692980121155293
1961	1.7923916894982537
1962	1.716003343634799
1963	1.7403626894942439
1964	4.820273726381918
1965	7.095564606233559
1966	1.3979400086720375
1967	2.577491799837225
1968	2.577491799837225
1969	4.0273088270355455
1970	4.074852995881247
1971	6.20441737253162
1972	5.333413013255837
1973	5.333413013255837
1974	5.333413013255837
1975	5.333413013255837
1976	5.333413013255837
1977	5.333413013255837
1978	5.333413013255837
1979	1.716003343634799
1980	5.939977266576012
1981	5.939977266576012
1982	5.939977266576012
1983	5.8772993414790085
1984	5.8772993414790085
1985	5.8772993414790085
1986	6.204417643779782
1987	4.4644895474339705
1988	6.606551824487549
1989	4.033101936663847
1990	4.033101936663847
1991	4.066735795350929
1992	7.006094144099979
1993	4.896228502499124
1994	5.8892439795328455
1995	5.8892439795328455
1996	5.8892439795328455
1997	7.095564606233559
1998	4.670329363214157
1999	4.627949303784871
2000	4.433769833924865
2001	4.35237549500052
2002	6.20441737253162
2003	6.0455752658012
2004	6.0455752658012
2005	6.0455752658012
2006	6.0455752658012
2007	6.0455752658012
2008	6.0455752658012
2009	6.0455752658012
2010	6.0455752658012
2011	6.0455752658012
2012	6.0455752658012
2013	6.0455752658012
2014	6.0455752658012
2015	6.0455752658012
2016	6.0455752658012
2017	5.874801767310628
2018	4.818760182652936
2019	4.833758902092354
2020	5.8772993414790085
2021	5.939977266576012
2022	5.939977266576012
2023	5.8772993414790085
2024	5.939977266576012
2025	4.560946250772999
2026	6.204417643779782
2027	3.4138025167693513
2028	3.4138025167693513
2029	3.142389466118836
2030	3.4138025167693513
2031	3.142389466118836
2032	3.142389466118836
2033	6.606551824487549
2034	5.730447142285143
2035	5.730447142285143
2036	7.006094144099979
2037	4.521255798181323
2038	3.3386556655787
2039	5.3245890289505535
2040	4.820273726381918
2041	4.820273726381918
2042	4.820273726381918
2043	4.729156687108195
2044	4.729156687108195
2045	4.729156687108195
2046	4.729156687108195
2047	4.729156687108195
2048	5.8892439795328455
2049	5.8892439795328455
2050	4.939314536862748
2051	4.939314536862748
2052	4.939314536862748
2053	4.939314536862748
2054	4.939314536862748
2055	4.939314536862748
2056	4.2820326856053805
2057	4.003977241845537
2058	4.003977241845537
2059	4.2820326856053805
2060	3.914448940698554
2061	3.930592488442598
2062	3.914448940698554
2063	3.930592488442598
2064	3.930592488442598
2065	3.914448940698554
2066	3.914448940698554
2067	3.930592488442598
2068	3.930592488442598
2069	3.914448940698554
2070	7.095564606233559
2071	4.695210157580506
2072	4.695210157580506
2073	4.695210157580506
2074	4.589402201744208
2075	4.589402201744208
2076	4.4416323036843135
2077	4.4416323036843135
2078	4.389909951772033
2079	4.939469330843529
2080	4.895107485406046
2081	4.847813181798864
2082	4.847813181798864
2083	4.847813181798864
2084	4.895107485406046
2085	4.847813181798864
2086	4.895107485406046
2087	4.895107485406046
2088	2.9425041061680806
2089	2.9425041061680806
2090	4.7839107222153405
2091	4.7839107222153405
2092	4.7839107222153405
2093	4.7839107222153405
2094	4.7839107222153405
2095	6.20441737253162
2096	5.290786736810575
2097	4.792755783819694
2098	4.792755783819694
2099	4.792755783819694
2100	4.792755783819694
2101	4.80025642694005
2102	4.80025642694005
2103	5.939977266576012
2104	5.939977266576012
2105	5.939977266576012
2106	5.939977266576012
2107	3.024074987307426
2108	3.0906107078284064
2109	4.005309236848516
2110	4.005309236848516
2111	4.005309236848516
2112	4.005309236848516
2113	4.696199070491402
2114	4.696199070491402
2115	4.696199070491402
2116	4.696199070491402
2117	5.367978026134198
2118	6.204417643779782
2119	4.152807963419064
2120	3.9712758487381046
2121	3.9712758487381046
2122	6.606551824487549
2123	4.941685314375126
2124	4.941685314375126
2125	7.006094144099979
2126	5.401884543795918
2127	5.401884543795918
2128	5.401884543795918
2129	4.35839175864902
2130	4.35839175864902
2131	4.213358353624391
2132	4.213358353624391
2133	5.162370214961672
2134	4.729156687108195
2135	7.095564606233559
2136	3.716921073166761
2137	3.716921073166761
2138	3.716921073166761
2139	3.716921073166761
2140	3.817433144111384
2141	3.817433144111384
2142	3.817433144111384
2143	3.817433144111384
2144	4.4416323036843135
2145	4.4416323036843135
2146	4.627949303784871
2147	4.191367165737556
2148	4.191367165737556
2149	4.389909951772033
2150	4.939469330843529
2151	6.20441737253162
2152	6.0455752658012
