3459	4.451079940826365
3460	5.210050849875137
3461	5.210050849875137
3462	4.932580295817208
3463	3.41929472175346
3464	4.548868290791856
3465	5.28925440805418
3466	5.28925440805418
3467	5.28925440805418
3468	5.28925440805418
3469	5.28925440805418
3470	5.28925440805418
3471	5.28925440805418
3472	5.28925440805418
3473	5.28925440805418
3474	5.28925440805418
3475	5.28925440805418
3476	5.28925440805418
3477	5.28925440805418
3478	5.8231056397956715
3479	3.1014033505553305
3480	5.710072494163197
3481	5.591424143079303
3482	5.591424143079303
3483	5.591424143079303
3484	5.591424143079303
3485	5.591424143079303
3486	5.591424143079303
3487	5.591424143079303
3488	5.591424143079303
3489	5.591424143079303
3490	5.591424143079303
3491	5.591424143079303
3492	5.591424143079303
3493	5.591424143079303
3494	5.8695074678560335
3495	4.932580295817208
3496	3.1014033505553305
3497	4.72575649941899
3498	4.455606112581866
3499	4.72575649941899
3500	4.114577627000165
3501	5.28925440805418
3502	5.28925440805418
3503	5.28925440805418
3504	5.28925440805418
3505	5.28925440805418
3506	5.28925440805418
3507	5.8231056397956715
3508	4.075145327053852
3509	5.210050849875137
3510	5.210050849875137
3511	5.210050849875137
3512	5.210050849875137
3513	5.210050849875137
3514	5.591424143079303
3515	5.591424143079303
3516	5.591424143079303
3517	5.591424143079303
3518	5.591424143079303
3519	5.591424143079303
3520	3.9659538891020625
3521	5.8695074678560335
3522	3.1014033505553305
3523	4.932580295817208
3524	3.1014033505553305
3525	4.4822302372089675
3526	4.451079940826365
3527	4.7570010360582895
3528	5.710072494163197
3529	4.932580295817208
3530	4.72575649941899
3531	4.932580295817208
3532	4.4822302372089675
3533	4.932580295817208
3534	4.869888533375304
3535	5.8695074678560335
3536	5.8231056397956715
3537	5.28925440805418
3538	5.28925440805418
3539	5.28925440805418
3540	5.28925440805418
3541	5.591424143079303
3542	5.591424143079303
3543	5.591424143079303
3544	5.591424143079303
3545	4.869888533375304
3546	4.451079940826365
3547	5.210050849875137
3548	5.210050849875137
3549	5.210050849875137
3550	5.210050849875137
3551	5.210050849875137
3552	4.72575649941899
3553	4.548868290791856
3554	4.548868290791856
3555	5.710072494163197
3556	4.7570010360582895
3557	4.075145327053852
3558	4.548868290791856
3559	4.869888533375304
3560	3.9659538891020625
3561	4.451079940826365
3562	4.72575649941899
3563	3.600972895686748
3564	5.591424143079303
3565	5.591424143079303
3566	5.591424143079303
3567	5.591424143079303
3568	5.591424143079303
3569	5.591424143079303
3570	5.591424143079303
3571	5.591424143079303
3572	4.932580295817208
3573	4.932580295817208
3574	5.28925440805418
3575	5.28925440805418
3576	5.28925440805418
3577	5.28925440805418
3578	5.28925440805418
3579	5.28925440805418
3580	5.28925440805418
3581	5.28925440805418
3582	3.600972895686748
3583	4.869888533375304
3584	4.4822302372089675
3585	5.710072494163197
3586	4.72575649941899
3587	3.600972895686748
3588	5.8695074678560335
3589	5.8231056397956715
3590	3.600972895686748
3591	5.210050849875137
3592	5.210050849875137
3593	5.210050849875137
3594	5.210050849875137
3595	5.210050849875137
3596	4.932580295817208
3597	4.451079940826365
3598	4.075145327053852
3599	5.28925440805418
3600	5.28925440805418
3601	5.28925440805418
3602	5.28925440805418
3603	4.72575649941899
3604	4.72575649941899
3605	5.210050849875137
3606	5.210050849875137
3607	4.7570010360582895
3608	3.600972895686748
3609	4.869888533375304
3610	4.932580295817208
3611	3.600972895686748
3612	4.548868290791856
3613	4.548868290791856
3614	4.548868290791856
3615	4.548868290791856
3616	4.548868290791856
3617	4.548868290791856
3618	4.182443185957241
3619	5.710072494163197
3620	5.710072494163197
3621	5.710072494163197
3622	4.455606112581866
3623	4.455606112581866
3624	4.455606112581866
3625	4.455606112581866
3626	4.455606112581866
3627	5.8695074678560335
3628	4.72575649941899
3629	4.72575649941899
3630	5.8231056397956715
3631	5.591424143079303
3632	5.591424143079303
3633	5.591424143079303
3634	5.591424143079303
3635	4.869888533375304
3636	4.7570010360582895
3637	4.455606112581866
3638	4.869888533375304
3639	4.932580295817208
3640	5.591424143079303
3641	5.591424143079303
3642	5.591424143079303
3643	5.591424143079303
3644	5.591424143079303
3645	5.591424143079303
3646	5.591424143079303
3647	4.4822302372089675
3648	4.451079940826365
3649	4.451079940826365
3650	4.932580295817208
3651	4.075145327053852
3652	5.710072494163197
3653	5.710072494163197
3654	5.710072494163197
3655	5.210050849875137
3656	5.210050849875137
3657	5.210050849875137
3658	5.210050849875137
3659	5.210050849875137
3660	5.210050849875137
3661	5.210050849875137
3662	4.72575649941899
3663	4.72575649941899
3664	5.28925440805418
3665	5.28925440805418
3666	5.28925440805418
3667	5.28925440805418
3668	5.28925440805418
3669	5.28925440805418
3670	5.28925440805418
3671	3.807061239917239
3672	4.2197940266919804
3673	4.2197940266919804
3674	3.807061239917239
3675	5.8231056397956715
3676	4.72575649941899
3677	4.72575649941899
3678	4.869888533375304
3679	4.548868290791856
3680	4.182443185957241
3681	5.8695074678560335
3682	4.293229925459566
3683	4.293229925459566
3684	4.72575649941899
3685	4.182443185957241
3686	5.591424143079303
3687	5.591424143079303
3688	5.591424143079303
3689	5.591424143079303
3690	5.591424143079303
3691	5.591424143079303
3692	4.869888533375304
3693	5.28925440805418
3694	5.28925440805418
3695	5.28925440805418
3696	5.28925440805418
3697	5.28925440805418
3698	5.28925440805418
3699	4.293229925459566
3700	4.548868290791856
3701	4.548868290791856
3702	3.9659538891020625
3703	3.9659538891020625
3704	4.451079940826365
3705	4.038262407104784
3706	4.075145327053852
3707	5.710072494163197
3708	5.710072494163197
3709	5.710072494163197
3710	5.8231056397956715
3711	5.210050849875137
3712	4.869888533375304
3713	4.932580295817208
3714	5.8695074678560335
3715	4.72575649941899
3716	4.7570010360582895
3717	3.2913688504515823
3718	4.932580295817208
3719	4.451079940826365
3720	4.451079940826365
3721	4.4822302372089675
3722	4.2197940266919804
3723	5.8231056397956715
3724	4.075145327053852
3725	5.8695074678560335
3726	4.869888533375304
3727	4.932580295817208
3728	4.548868290791856
3729	4.114577627000165
3730	4.932580295817208
3731	4.72575649941899
3732	4.72575649941899
3733	4.2197940266919804
3734	4.455606112581866
3735	4.455606112581866
3736	4.455606112581866
3737	5.710072494163197
3738	5.710072494163197
3739	5.710072494163197
3740	5.210050849875137
3741	5.210050849875137
3742	5.210050849875137
3743	5.210050849875137
3744	5.210050849875137
3745	5.210050849875137
3746	4.7570010360582895
3747	5.28925440805418
3748	5.28925440805418
3749	5.28925440805418
3750	5.28925440805418
3751	4.869888533375304
3752	5.591424143079303
3753	5.591424143079303
3754	5.591424143079303
3755	5.591424143079303
3756	4.72575649941899
3757	4.72575649941899
3758	4.182443185957241
3759	4.548868290791856
3760	4.548868290791856
3761	4.869888533375304
3762	5.710072494163197
3763	4.932580295817208
3764	3.807061239917239
3765	3.807061239917239
3766	5.591424143079303
3767	5.591424143079303
3768	5.591424143079303
3769	4.932580295817208
3770	5.8695074678560335
3771	4.869888533375304
3772	5.8231056397956715
3773	4.293229925459566
3774	4.72575649941899
3775	4.72575649941899
3776	4.455606112581866
3777	5.28925440805418
3778	5.28925440805418
3779	5.28925440805418
3780	4.932580295817208
3781	4.72575649941899
3782	5.591424143079303
3783	5.591424143079303
3784	5.591424143079303
3785	5.591424143079303
3786	5.591424143079303
3787	4.293229925459566
3788	3.9659538891020625
3789	4.548868290791856
3790	5.8231056397956715
3791	4.869888533375304
3792	5.8695074678560335
3793	4.932580295817208
3794	4.455606112581866
3795	4.455606112581866
3796	4.72575649941899
3797	4.869888533375304
3798	5.28925440805418
3799	5.28925440805418
3800	5.28925440805418
3801	5.28925440805418
3802	5.28925440805418
3803	5.710072494163197
3804	3.003029470553618
3805	4.455606112581866
3806	4.455606112581866
3807	4.72575649941899
3808	3.41929472175346
3809	4.932580295817208
3810	4.869888533375304
3811	5.591424143079303
3812	5.591424143079303
3813	5.591424143079303
3814	5.591424143079303
3815	5.591424143079303
3816	5.8695074678560335
3817	3.9659538891020625
3818	4.72575649941899
3819	5.710072494163197
3820	4.182443185957241
3821	5.28925440805418
3822	5.28925440805418
3823	5.28925440805418
3824	5.28925440805418
3825	5.28925440805418
3826	4.869888533375304
3827	4.932580295817208
3828	4.293229925459566
3829	5.8231056397956715
3830	2.6646419755561253
3831	3.600972895686748
3832	4.869888533375304
3833	4.869888533375304
3834	5.8231056397956715
3835	4.455606112581866
3836	4.455606112581866
3837	4.293229925459566
3838	5.210050849875137
3839	4.075145327053852
3840	4.451079940826365
3841	5.591424143079303
3842	5.591424143079303
3843	5.591424143079303
3844	5.591424143079303
3845	5.591424143079303
3846	5.591424143079303
3847	5.591424143079303
3848	5.591424143079303
3849	5.591424143079303
3850	5.591424143079303
3851	4.932580295817208
3852	3.600972895686748
3853	3.600972895686748
3854	5.28925440805418
3855	5.28925440805418
3856	5.28925440805418
3857	5.28925440805418
3858	5.28925440805418
3859	5.28925440805418
3860	5.28925440805418
3861	5.28925440805418
3862	5.28925440805418
3863	5.28925440805418
3864	3.600972895686748
3865	4.7570010360582895
3866	4.932580295817208
3867	5.710072494163197
3868	5.8695074678560335
3869	4.72575649941899
3870	4.72575649941899
3871	4.869888533375304
3872	5.210050849875137
3873	5.210050849875137
3874	5.210050849875137
3875	5.210050849875137
3876	3.600972895686748
3877	3.600972895686748
3878	4.451079940826365
3879	4.869888533375304
3880	5.710072494163197
3881	5.710072494163197
3882	5.710072494163197
3883	4.038262407104784
3884	4.4822302372089675
3885	4.932580295817208
3886	3.600972895686748
3887	4.455606112581866
3888	4.72575649941899
3889	4.72575649941899
3890	4.182443185957241
3891	3.600972895686748
3892	4.932580295817208
3893	5.591424143079303
3894	5.591424143079303
3895	5.591424143079303
3896	5.591424143079303
3897	5.591424143079303
3898	5.8695074678560335
3899	5.8231056397956715
3900	4.548868290791856
3901	4.7570010360582895
3902	5.28925440805418
3903	5.28925440805418
3904	5.28925440805418
3905	5.28925440805418
3906	5.28925440805418
3907	4.075145327053852
3908	4.451079940826365
3909	5.210050849875137
3910	5.210050849875137
3911	4.2197940266919804
3912	4.455606112581866
3913	4.455606112581866
3914	4.869888533375304
3915	4.2197940266919804
3916	4.72575649941899
3917	5.591424143079303
3918	5.591424143079303
3919	5.591424143079303
3920	5.591424143079303
3921	4.932580295817208
3922	5.710072494163197
3923	5.710072494163197
3924	5.710072494163197
3925	5.8695074678560335
3926	4.548868290791856
3927	4.548868290791856
3928	4.72575649941899
3929	4.075145327053852
3930	4.869888533375304
3931	4.293229925459566
3932	4.932580295817208
3933	3.2913688504515823
3934	4.7570010360582895
3935	5.28925440805418
3936	5.28925440805418
3937	5.28925440805418
3938	5.28925440805418
3939	5.8231056397956715
3940	4.869888533375304
3941	5.210050849875137
3942	5.210050849875137
3943	5.210050849875137
3944	5.210050849875137
3945	5.210050849875137
3946	5.210050849875137
3947	5.8231056397956715
3948	4.932580295817208
3949	4.932580295817208
3950	4.293229925459566
3951	2.8457180179666586
3952	5.591424143079303
3953	5.591424143079303
3954	5.591424143079303
3955	5.591424143079303
3956	5.591424143079303
3957	5.591424143079303
3958	5.591424143079303
3959	5.28925440805418
3960	5.28925440805418
3961	5.28925440805418
3962	5.28925440805418
3963	5.28925440805418
3964	5.28925440805418
3965	5.28925440805418
3966	4.114577627000165
3967	4.182443185957241
3968	4.72575649941899
3969	4.4822302372089675
3970	4.548868290791856
3971	4.869888533375304
3972	3.2913688504515823
3973	5.8695074678560335
3974	4.455606112581866
3975	4.455606112581866
3976	4.451079940826365
3977	4.72575649941899
3978	4.7570010360582895
3979	5.710072494163197
3980	5.710072494163197
3981	5.710072494163197
3982	3.807061239917239
3983	3.9659538891020625
3984	3.9659538891020625
3985	4.075145327053852
3986	3.807061239917239
3987	4.451079940826365
3988	4.932580295817208
3989	4.455606112581866
3990	4.869888533375304
3991	5.8695074678560335
3992	5.591424143079303
3993	5.591424143079303
3994	5.591424143079303
3995	4.932580295817208
3996	4.869888533375304
3997	5.8231056397956715
3998	5.710072494163197
3999	5.710072494163197
4000	5.710072494163197
4001	4.548868290791856
4002	4.72575649941899
4003	5.28925440805418
4004	5.28925440805418
4005	5.28925440805418
4006	5.210050849875137
4007	5.210050849875137
4008	5.210050849875137
4009	5.210050849875137
4010	4.4822302372089675
4011	4.72575649941899
4012	5.591424143079303
4013	5.591424143079303
4014	5.591424143079303
4015	5.591424143079303
4016	5.591424143079303
4017	5.591424143079303
4018	5.591424143079303
4019	5.8695074678560335
4020	4.72575649941899
4021	5.8231056397956715
4022	5.28925440805418
4023	5.28925440805418
4024	5.28925440805418
4025	5.28925440805418
4026	5.28925440805418
4027	5.28925440805418
4028	5.28925440805418
4029	4.038262407104784
4030	4.038262407104784
4031	4.932580295817208
4032	4.869888533375304
4033	4.72575649941899
4034	4.869888533375304
4035	4.932580295817208
4036	5.710072494163197
4037	3.600972895686748
4038	4.72575649941899
4039	4.451079940826365
4040	4.869888533375304
4041	4.869888533375304
4042	4.075145327053852
4043	4.932580295817208
4044	4.72575649941899
4045	5.710072494163197
4046	5.710072494163197
4047	5.710072494163197
4048	4.7570010360582895
4049	4.455606112581866
4050	3.600972895686748
4051	5.591424143079303
4052	5.591424143079303
4053	5.591424143079303
4054	5.591424143079303
4055	5.591424143079303
4056	5.591424143079303
4057	3.600972895686748
4058	5.210050849875137
4059	5.8695074678560335
4060	4.114577627000165
4061	4.114577627000165
4062	3.600972895686748
4063	5.8231056397956715
4064	5.28925440805418
4065	5.28925440805418
4066	5.28925440805418
4067	5.28925440805418
4068	5.28925440805418
4069	5.28925440805418
4070	4.932580295817208
4071	4.932580295817208
4072	4.451079940826365
4073	5.710072494163197
4074	5.710072494163197
4075	5.710072494163197
4076	4.2197940266919804
4077	5.591424143079303
4078	5.591424143079303
4079	5.591424143079303
4080	5.591424143079303
4081	5.591424143079303
4082	4.72575649941899
4083	5.28925440805418
4084	5.28925440805418
4085	5.28925440805418
4086	5.28925440805418
4087	5.28925440805418
4088	5.8695074678560335
4089	4.932580295817208
4090	4.72575649941899
4091	3.2913688504515823
4092	4.455606112581866
4093	4.548868290791856
4094	4.2197940266919804
4095	5.8231056397956715
4096	3.9659538891020625
4097	5.210050849875137
4098	5.210050849875137
4099	5.210050849875137
4100	4.182443185957241
4101	5.28925440805418
4102	5.28925440805418
4103	5.28925440805418
4104	4.72575649941899
4105	4.451079940826365
4106	5.210050849875137
4107	5.210050849875137
4108	4.7570010360582895
4109	3.9659538891020625
4110	4.548868290791856
4111	4.548868290791856
4112	4.548868290791856
4113	4.72575649941899
4114	4.114577627000165
4115	4.455606112581866
4116	4.455606112581866
4117	4.455606112581866
4118	4.455606112581866
4119	5.710072494163197
4120	5.710072494163197
4121	5.710072494163197
4122	4.932580295817208
4123	4.293229925459566
4124	4.293229925459566
4125	4.932580295817208
4126	3.2913688504515823
4127	4.869888533375304
4128	5.8695074678560335
4129	4.075145327053852
4130	4.869888533375304
4131	5.591424143079303
4132	5.591424143079303
4133	5.591424143079303
4134	5.8231056397956715
4135	4.182443185957241
4136	4.234441351266335
4137	4.72575649941899
4138	4.72575649941899
4139	4.72575649941899
4140	4.72575649941899
4141	4.72575649941899
4142	4.72575649941899
4143	4.72575649941899
4144	4.72575649941899
4145	4.72575649941899
4146	4.72575649941899
4147	4.72575649941899
4148	4.72575649941899
4149	4.72575649941899
4150	4.72575649941899
4151	4.72575649941899
4152	4.72575649941899
4153	4.72575649941899
4154	4.72575649941899
4155	4.72575649941899
4156	4.72575649941899
4157	5.8695074678560335
4158	5.8695074678560335
4159	5.710072494163197
4160	5.8231056397956715
4161	4.72575649941899
4162	4.72575649941899
4163	4.72575649941899
4164	4.72575649941899
4165	4.72575649941899
4166	4.72575649941899
4167	4.72575649941899
4168	4.72575649941899
4169	4.72575649941899
4170	4.72575649941899
4171	4.72575649941899
4172	4.72575649941899
4173	4.72575649941899
4174	4.72575649941899
4175	4.72575649941899
4176	4.72575649941899
4177	4.72575649941899
4178	4.72575649941899
4179	4.72575649941899
4180	4.72575649941899
4181	4.234441351266335
4182	5.8695074678560335
4183	5.8695074678560335
4184	4.72575649941899
4185	4.72575649941899
4186	4.72575649941899
4187	4.72575649941899
4188	4.72575649941899
4189	4.72575649941899
4190	4.72575649941899
4191	4.72575649941899
4192	4.72575649941899
4193	4.72575649941899
4194	4.72575649941899
4195	4.72575649941899
4196	4.72575649941899
4197	4.72575649941899
4198	4.72575649941899
4199	4.72575649941899
4200	4.72575649941899
4201	4.72575649941899
4202	4.72575649941899
4203	4.72575649941899
4204	4.72575649941899
4205	4.234441351266335
4206	5.8231056397956715
4207	4.234441351266335
4208	5.710072494163197
4209	4.72575649941899
4210	4.72575649941899
4211	4.72575649941899
4212	4.72575649941899
4213	4.72575649941899
4214	4.72575649941899
4215	4.72575649941899
4216	4.72575649941899
4217	4.72575649941899
4218	4.72575649941899
4219	4.72575649941899
4220	4.72575649941899
4221	4.72575649941899
4222	4.72575649941899
4223	4.72575649941899
4224	4.72575649941899
4225	4.72575649941899
4226	4.72575649941899
4227	4.72575649941899
4228	4.72575649941899
4229	4.72575649941899
4230	5.710072494163197
4231	5.8231056397956715
4232	4.589335125784142
4233	4.704184847062488
4234	4.704184847062488
4235	4.589335125784142
4236	5.591424143079303
4237	5.591424143079303
4238	5.591424143079303
4239	5.591424143079303
4240	5.591424143079303
4241	5.591424143079303
4242	5.591424143079303
4243	5.591424143079303
4244	5.591424143079303
4245	5.591424143079303
4246	5.591424143079303
4247	5.591424143079303
4248	5.591424143079303
4249	5.591424143079303
4250	5.591424143079303
4251	5.591424143079303
4252	5.591424143079303
4253	5.591424143079303
4254	5.591424143079303
4255	5.591424143079303
4256	5.591424143079303
4257	5.591424143079303
4258	5.591424143079303
4259	5.591424143079303
4260	5.591424143079303
4261	5.591424143079303
4262	5.591424143079303
4263	5.591424143079303
4264	5.591424143079303
4265	5.591424143079303
4266	5.591424143079303
4267	5.591424143079303
4268	5.591424143079303
4269	5.591424143079303
4270	5.591424143079303
4271	5.8695074678560335
4272	5.8695074678560335
4273	5.28925440805418
4274	5.28925440805418
4275	5.28925440805418
4276	5.28925440805418
4277	5.28925440805418
4278	5.28925440805418
4279	5.28925440805418
4280	5.28925440805418
4281	5.28925440805418
4282	5.28925440805418
4283	5.28925440805418
4284	5.28925440805418
4285	5.28925440805418
4286	5.28925440805418
4287	5.28925440805418
4288	5.28925440805418
4289	5.28925440805418
4290	5.28925440805418
4291	5.28925440805418
4292	5.28925440805418
4293	5.28925440805418
4294	5.28925440805418
4295	5.28925440805418
4296	5.28925440805418
4297	5.28925440805418
4298	5.28925440805418
4299	5.28925440805418
4300	5.28925440805418
4301	5.28925440805418
4302	5.28925440805418
4303	5.28925440805418
4304	5.28925440805418
4305	5.28925440805418
4306	5.28925440805418
4307	4.589335125784142
4308	5.710072494163197
4309	5.28925440805418
4310	5.28925440805418
4311	5.28925440805418
4312	5.28925440805418
4313	5.28925440805418
4314	5.28925440805418
4315	5.28925440805418
4316	5.28925440805418
4317	5.28925440805418
4318	5.28925440805418
4319	5.28925440805418
4320	5.28925440805418
4321	5.28925440805418
4322	5.28925440805418
4323	5.28925440805418
4324	5.28925440805418
4325	5.28925440805418
4326	5.28925440805418
4327	5.28925440805418
4328	5.28925440805418
4329	5.28925440805418
4330	5.8231056397956715
4331	5.8695074678560335
4332	5.8695074678560335
4333	4.704184847062488
4334	5.591424143079303
4335	5.591424143079303
4336	5.591424143079303
4337	5.591424143079303
4338	5.591424143079303
4339	5.591424143079303
4340	5.591424143079303
4341	5.591424143079303
4342	5.591424143079303
4343	5.591424143079303
4344	5.591424143079303
4345	5.591424143079303
4346	5.591424143079303
4347	5.591424143079303
4348	5.591424143079303
4349	5.591424143079303
4350	5.591424143079303
4351	5.591424143079303
4352	5.591424143079303
4353	5.591424143079303
4354	5.591424143079303
4355	4.704184847062488
4356	4.589335125784142
4357	4.704184847062488
4358	5.28925440805418
4359	5.28925440805418
4360	5.28925440805418
4361	5.28925440805418
4362	5.28925440805418
4363	5.28925440805418
4364	5.28925440805418
4365	5.28925440805418
4366	5.28925440805418
4367	5.28925440805418
4368	5.28925440805418
4369	5.28925440805418
4370	5.28925440805418
4371	5.28925440805418
4372	5.28925440805418
4373	5.28925440805418
4374	5.28925440805418
4375	5.28925440805418
4376	5.28925440805418
4377	5.28925440805418
4378	4.589335125784142
4379	5.8695074678560335
4380	5.8695074678560335
4381	4.589335125784142
4382	5.710072494163197
4383	4.704184847062488
4384	5.591424143079303
4385	5.591424143079303
4386	5.591424143079303
4387	5.591424143079303
4388	5.591424143079303
4389	5.591424143079303
4390	5.591424143079303
4391	5.591424143079303
4392	5.591424143079303
4393	5.591424143079303
4394	5.591424143079303
4395	5.591424143079303
4396	5.591424143079303
4397	5.591424143079303
4398	5.591424143079303
4399	5.591424143079303
4400	5.591424143079303
4401	5.591424143079303
4402	5.591424143079303
4403	5.591424143079303
4404	5.591424143079303
4405	5.591424143079303
4406	5.8231056397956715
4407	4.704184847062488
4408	5.8695074678560335
4409	5.8695074678560335
4410	4.704184847062488
4411	4.589335125784142
4412	5.8231056397956715
4413	5.28925440805418
4414	5.28925440805418
4415	5.28925440805418
4416	5.28925440805418
4417	5.28925440805418
4418	5.28925440805418
4419	5.28925440805418
4420	5.28925440805418
4421	5.28925440805418
4422	5.28925440805418
4423	5.28925440805418
4424	5.28925440805418
4425	5.28925440805418
4426	5.591424143079303
4427	5.591424143079303
4428	5.591424143079303
4429	5.591424143079303
4430	5.591424143079303
4431	5.591424143079303
4432	5.591424143079303
4433	5.591424143079303
4434	5.591424143079303
4435	5.591424143079303
4436	5.591424143079303
4437	5.591424143079303
4438	5.591424143079303
4439	4.589335125784142
4440	5.710072494163197
4441	5.8231056397956715
4442	5.28925440805418
4443	5.28925440805418
4444	5.28925440805418
4445	5.28925440805418
4446	5.28925440805418
4447	5.28925440805418
4448	5.28925440805418
4449	5.28925440805418
4450	5.28925440805418
4451	5.28925440805418
4452	5.28925440805418
4453	5.28925440805418
4454	5.28925440805418
4455	5.28925440805418
4456	5.28925440805418
4457	5.28925440805418
4458	5.28925440805418
4459	5.28925440805418
4460	5.28925440805418
4461	5.28925440805418
4462	5.28925440805418
4463	5.28925440805418
4464	4.704184847062488
4465	5.591424143079303
4466	5.591424143079303
4467	5.591424143079303
4468	5.591424143079303
4469	5.591424143079303
4470	5.591424143079303
4471	5.591424143079303
4472	5.591424143079303
4473	5.591424143079303
4474	5.591424143079303
4475	5.591424143079303
4476	5.591424143079303
4477	5.591424143079303
4478	5.591424143079303
4479	5.591424143079303
4480	5.591424143079303
4481	5.591424143079303
4482	5.591424143079303
4483	5.591424143079303
4484	5.591424143079303
4485	5.591424143079303
4486	5.591424143079303
4487	5.710072494163197
4488	4.589335125784142
4489	4.704184847062488
4490	5.8695074678560335
4491	5.8695074678560335
4492	4.589335125784142
4493	4.704184847062488
4494	5.28925440805418
4495	5.28925440805418
4496	5.28925440805418
4497	5.28925440805418
4498	5.28925440805418
4499	5.28925440805418
4500	5.28925440805418
4501	5.28925440805418
4502	5.28925440805418
4503	5.28925440805418
4504	5.28925440805418
4505	5.28925440805418
4506	5.28925440805418
4507	5.28925440805418
4508	5.591424143079303
4509	5.591424143079303
4510	5.591424143079303
4511	5.591424143079303
4512	5.591424143079303
4513	5.591424143079303
4514	5.591424143079303
4515	5.591424143079303
4516	5.591424143079303
4517	5.591424143079303
4518	5.591424143079303
4519	5.591424143079303
4520	5.591424143079303
4521	5.8695074678560335
4522	5.8695074678560335
4523	4.589335125784142
4524	5.8231056397956715
4525	5.710072494163197
4526	4.704184847062488
4527	4.589335125784142
4528	4.589335125784142
4529	5.8695074678560335
4530	5.8695074678560335
4531	4.704184847062488
4532	5.8231056397956715
4533	5.710072494163197
4534	5.28925440805418
4535	5.28925440805418
4536	5.28925440805418
4537	5.28925440805418
4538	5.28925440805418
4539	5.28925440805418
4540	5.28925440805418
4541	5.28925440805418
4542	5.28925440805418
4543	5.28925440805418
4544	5.28925440805418
4545	5.28925440805418
4546	5.28925440805418
4547	5.28925440805418
4548	5.28925440805418
4549	5.28925440805418
4550	5.28925440805418
4551	5.28925440805418
4552	5.28925440805418
4553	5.28925440805418
4554	5.28925440805418
4555	5.28925440805418
4556	5.28925440805418
4557	5.28925440805418
4558	5.28925440805418
4559	5.28925440805418
4560	4.704184847062488
4561	5.591424143079303
4562	5.591424143079303
4563	5.591424143079303
4564	5.591424143079303
4565	5.591424143079303
4566	5.591424143079303
4567	5.591424143079303
4568	5.591424143079303
4569	5.591424143079303
4570	5.591424143079303
4571	5.591424143079303
4572	5.591424143079303
4573	5.591424143079303
4574	5.591424143079303
4575	5.591424143079303
4576	5.591424143079303
4577	5.591424143079303
4578	5.591424143079303
4579	5.591424143079303
4580	5.591424143079303
4581	5.591424143079303
4582	5.591424143079303
4583	5.591424143079303
4584	5.591424143079303
4585	5.591424143079303
4586	5.591424143079303
4587	4.589335125784142
4588	5.8695074678560335
4589	5.8695074678560335
4590	4.704184847062488
4591	4.589335125784142
4592	5.710072494163197
4593	4.589335125784142
4594	5.591424143079303
4595	5.591424143079303
4596	5.591424143079303
4597	5.591424143079303
4598	5.591424143079303
4599	5.591424143079303
4600	5.591424143079303
4601	5.591424143079303
4602	5.591424143079303
4603	5.591424143079303
4604	5.591424143079303
4605	5.591424143079303
4606	5.591424143079303
4607	5.28925440805418
4608	5.28925440805418
4609	5.28925440805418
4610	5.28925440805418
4611	5.28925440805418
4612	5.28925440805418
4613	5.28925440805418
4614	5.28925440805418
4615	5.28925440805418
4616	5.28925440805418
4617	5.28925440805418
4618	5.28925440805418
4619	5.28925440805418
4620	4.704184847062488
4621	5.8231056397956715
4622	4.704184847062488
4623	4.589335125784142
4624	4.704184847062488
4625	5.8231056397956715
4626	5.591424143079303
4627	5.591424143079303
4628	5.591424143079303
4629	5.591424143079303
4630	5.591424143079303
4631	5.591424143079303
4632	5.591424143079303
4633	5.591424143079303
4634	5.591424143079303
4635	5.591424143079303
4636	5.591424143079303
4637	5.591424143079303
4638	5.591424143079303
4639	5.591424143079303
4640	5.591424143079303
4641	5.591424143079303
4642	5.591424143079303
4643	5.591424143079303
4644	5.591424143079303
4645	5.591424143079303
4646	5.591424143079303
4647	5.591424143079303
4648	5.28925440805418
4649	5.28925440805418
4650	5.28925440805418
4651	5.28925440805418
4652	5.28925440805418
4653	5.28925440805418
4654	5.28925440805418
4655	5.28925440805418
4656	5.28925440805418
4657	5.28925440805418
4658	5.28925440805418
4659	5.28925440805418
4660	5.28925440805418
4661	5.28925440805418
4662	5.28925440805418
4663	5.28925440805418
4664	5.28925440805418
4665	5.28925440805418
4666	5.28925440805418
4667	5.28925440805418
4668	5.28925440805418
4669	5.28925440805418
4670	5.710072494163197
4671	5.8695074678560335
4672	5.8695074678560335
4673	4.589335125784142
4674	4.704184847062488
4675	4.589335125784142
4676	5.591424143079303
4677	5.591424143079303
4678	5.591424143079303
4679	5.591424143079303
4680	5.591424143079303
4681	5.591424143079303
4682	5.591424143079303
4683	5.591424143079303
4684	5.591424143079303
4685	5.591424143079303
4686	5.591424143079303
4687	5.591424143079303
4688	5.591424143079303
4689	5.591424143079303
4690	5.591424143079303
4691	5.28925440805418
4692	5.28925440805418
4693	5.28925440805418
4694	5.28925440805418
4695	5.28925440805418
4696	5.28925440805418
4697	5.28925440805418
4698	5.28925440805418
4699	5.28925440805418
4700	5.28925440805418
4701	5.28925440805418
4702	5.28925440805418
4703	5.28925440805418
4704	5.28925440805418
4705	5.8231056397956715
4706	4.704184847062488
4707	4.589335125784142
4708	5.8695074678560335
4709	5.8695074678560335
4710	5.710072494163197
4711	5.8231056397956715
4712	4.589335125784142
4713	5.591424143079303
4714	5.591424143079303
4715	5.591424143079303
4716	5.591424143079303
4717	5.591424143079303
4718	5.591424143079303
4719	5.591424143079303
4720	5.591424143079303
4721	5.591424143079303
4722	5.591424143079303
4723	5.591424143079303
4724	5.591424143079303
4725	5.591424143079303
4726	5.591424143079303
4727	5.591424143079303
4728	5.591424143079303
4729	5.591424143079303
4730	5.591424143079303
4731	5.591424143079303
4732	5.591424143079303
4733	5.591424143079303
4734	4.589335125784142
4735	5.28925440805418
4736	5.28925440805418
4737	5.28925440805418
4738	5.28925440805418
4739	5.28925440805418
4740	5.28925440805418
4741	5.28925440805418
4742	5.28925440805418
4743	5.28925440805418
4744	5.28925440805418
4745	5.28925440805418
4746	5.28925440805418
4747	5.28925440805418
4748	5.28925440805418
4749	5.28925440805418
4750	5.28925440805418
4751	5.28925440805418
4752	5.28925440805418
4753	5.28925440805418
4754	5.28925440805418
4755	5.28925440805418
4756	5.28925440805418
4757	5.710072494163197
4758	5.8695074678560335
4759	5.8695074678560335
4760	4.704184847062488
4761	4.704184847062488
4762	5.28925440805418
4763	5.28925440805418
4764	5.28925440805418
4765	5.28925440805418
4766	5.28925440805418
4767	5.28925440805418
4768	5.28925440805418
4769	5.28925440805418
4770	5.28925440805418
4771	5.28925440805418
4772	5.28925440805418
4773	5.28925440805418
4774	5.28925440805418
4775	5.28925440805418
4776	5.28925440805418
4777	5.28925440805418
4778	4.589335125784142
4779	5.8231056397956715
4780	4.704184847062488
4781	4.704184847062488
4782	5.8695074678560335
4783	5.8695074678560335
4784	5.591424143079303
4785	5.591424143079303
4786	5.591424143079303
4787	5.591424143079303
4788	5.591424143079303
4789	5.591424143079303
4790	5.591424143079303
4791	5.591424143079303
4792	5.591424143079303
4793	5.591424143079303
4794	5.591424143079303
4795	5.591424143079303
4796	5.591424143079303
4797	5.591424143079303
4798	5.591424143079303
4799	5.591424143079303
4800	5.710072494163197
4801	4.589335125784142
4802	4.234441351266335
4803	4.234441351266335
4804	4.72575649941899
4805	4.72575649941899
4806	4.72575649941899
4807	4.72575649941899
4808	4.72575649941899
4809	4.72575649941899
4810	4.72575649941899
4811	4.72575649941899
4812	4.72575649941899
4813	4.72575649941899
4814	4.72575649941899
4815	4.72575649941899
4816	4.72575649941899
4817	4.72575649941899
4818	4.72575649941899
4819	4.72575649941899
4820	4.72575649941899
4821	4.72575649941899
4822	4.72575649941899
4823	4.72575649941899
4824	4.72575649941899
4825	4.72575649941899
4826	4.72575649941899
4827	5.8231056397956715
4828	5.8695074678560335
4829	5.8695074678560335
4830	5.710072494163197
4831	4.72575649941899
4832	4.72575649941899
4833	4.72575649941899
4834	4.72575649941899
4835	4.72575649941899
4836	4.72575649941899
4837	4.72575649941899
4838	4.72575649941899
4839	4.72575649941899
4840	4.72575649941899
4841	4.72575649941899
4842	4.72575649941899
4843	4.72575649941899
4844	4.72575649941899
4845	4.72575649941899
4846	4.72575649941899
4847	4.72575649941899
4848	4.72575649941899
4849	4.72575649941899
4850	4.72575649941899
4851	4.72575649941899
4852	4.72575649941899
4853	4.72575649941899
4854	4.589335125784142
4855	5.591424143079303
4856	5.591424143079303
4857	5.591424143079303
4858	5.591424143079303
4859	5.591424143079303
4860	5.591424143079303
4861	5.591424143079303
4862	5.591424143079303
4863	5.591424143079303
4864	5.591424143079303
4865	5.591424143079303
4866	5.591424143079303
4867	5.591424143079303
4868	5.591424143079303
4869	5.591424143079303
4870	5.591424143079303
4871	5.591424143079303
4872	5.591424143079303
4873	5.591424143079303
4874	5.591424143079303
4875	5.591424143079303
4876	5.591424143079303
4877	5.591424143079303
4878	5.591424143079303
4879	5.591424143079303
4880	5.591424143079303
4881	5.591424143079303
4882	5.591424143079303
4883	5.591424143079303
4884	5.591424143079303
4885	5.591424143079303
4886	5.591424143079303
4887	5.591424143079303
4888	5.591424143079303
4889	5.591424143079303
4890	5.591424143079303
4891	5.591424143079303
4892	5.591424143079303
4893	5.591424143079303
4894	5.591424143079303
4895	5.591424143079303
4896	5.591424143079303
4897	5.591424143079303
4898	5.591424143079303
4899	5.591424143079303
4900	5.591424143079303
4901	5.591424143079303
4902	5.591424143079303
4903	5.591424143079303
4904	5.591424143079303
4905	5.591424143079303
4906	5.591424143079303
4907	5.591424143079303
4908	5.591424143079303
4909	5.591424143079303
4910	5.591424143079303
4911	5.591424143079303
4912	5.591424143079303
4913	5.591424143079303
4914	5.591424143079303
4915	5.591424143079303
4916	5.591424143079303
4917	5.591424143079303
4918	5.591424143079303
4919	5.591424143079303
4920	5.591424143079303
4921	5.591424143079303
4922	5.591424143079303
4923	5.591424143079303
4924	5.591424143079303
4925	5.591424143079303
4926	5.591424143079303
4927	5.591424143079303
4928	5.591424143079303
4929	5.591424143079303
4930	5.591424143079303
4931	5.591424143079303
4932	5.591424143079303
4933	5.591424143079303
4934	5.591424143079303
4935	5.591424143079303
4936	5.591424143079303
4937	5.591424143079303
4938	5.591424143079303
4939	5.591424143079303
4940	5.591424143079303
4941	5.591424143079303
4942	5.591424143079303
4943	5.591424143079303
4944	5.591424143079303
4945	5.591424143079303
4946	5.591424143079303
4947	5.591424143079303
4948	5.591424143079303
4949	5.591424143079303
4950	5.591424143079303
4951	5.591424143079303
4952	5.591424143079303
4953	5.591424143079303
4954	5.591424143079303
4955	4.589335125784142
4956	5.28925440805418
4957	5.28925440805418
4958	5.28925440805418
4959	5.28925440805418
4960	5.28925440805418
4961	5.28925440805418
4962	5.28925440805418
4963	5.28925440805418
4964	5.28925440805418
4965	5.28925440805418
4966	5.28925440805418
4967	5.28925440805418
4968	5.28925440805418
4969	5.28925440805418
4970	5.28925440805418
4971	5.28925440805418
4972	5.28925440805418
4973	5.28925440805418
4974	5.28925440805418
4975	5.28925440805418
4976	5.28925440805418
4977	5.28925440805418
4978	5.28925440805418
4979	5.28925440805418
4980	5.28925440805418
4981	5.28925440805418
4982	5.28925440805418
4983	5.28925440805418
4984	5.28925440805418
4985	5.28925440805418
4986	5.28925440805418
4987	5.28925440805418
4988	5.28925440805418
4989	5.28925440805418
4990	5.28925440805418
4991	5.28925440805418
4992	5.28925440805418
4993	5.28925440805418
4994	5.28925440805418
4995	5.28925440805418
4996	5.28925440805418
4997	5.28925440805418
4998	5.28925440805418
4999	5.28925440805418
5000	5.28925440805418
5001	5.28925440805418
5002	5.28925440805418
5003	5.28925440805418
5004	5.28925440805418
5005	5.28925440805418
5006	5.28925440805418
5007	5.28925440805418
5008	5.28925440805418
5009	5.28925440805418
5010	5.28925440805418
5011	5.28925440805418
5012	5.28925440805418
5013	5.28925440805418
5014	5.28925440805418
5015	5.28925440805418
5016	5.28925440805418
5017	5.28925440805418
5018	5.28925440805418
5019	5.28925440805418
5020	5.28925440805418
5021	5.28925440805418
5022	5.28925440805418
5023	5.28925440805418
5024	5.28925440805418
5025	5.28925440805418
5026	5.28925440805418
5027	5.28925440805418
5028	5.28925440805418
5029	5.28925440805418
5030	5.28925440805418
5031	5.28925440805418
5032	5.28925440805418
5033	5.28925440805418
5034	5.28925440805418
5035	5.28925440805418
5036	5.28925440805418
5037	5.28925440805418
5038	5.28925440805418
5039	5.28925440805418
5040	5.28925440805418
5041	5.28925440805418
5042	5.28925440805418
5043	5.28925440805418
5044	5.28925440805418
5045	5.28925440805418
5046	5.28925440805418
5047	5.28925440805418
5048	5.28925440805418
5049	5.28925440805418
5050	5.28925440805418
5051	5.28925440805418
5052	5.28925440805418
5053	5.28925440805418
5054	5.28925440805418
5055	5.28925440805418
5056	5.710072494163197
5057	5.8231056397956715
5058	5.8695074678560335
5059	5.8695074678560335
5060	4.704184847062488
5061	4.704184847062488
5062	5.8695074678560335
5063	5.8695074678560335
5064	4.704184847062488
5065	4.704184847062488
5066	5.591424143079303
5067	5.591424143079303
5068	5.591424143079303
5069	5.591424143079303
5070	5.591424143079303
5071	5.591424143079303
5072	5.591424143079303
5073	5.591424143079303
5074	5.591424143079303
5075	5.591424143079303
5076	5.591424143079303
5077	5.591424143079303
5078	5.8231056397956715
5079	5.710072494163197
5080	4.589335125784142
5081	5.28925440805418
5082	5.28925440805418
5083	5.28925440805418
5084	5.28925440805418
5085	5.28925440805418
5086	5.28925440805418
5087	5.28925440805418
5088	5.28925440805418
5089	5.28925440805418
5090	5.28925440805418
5091	5.28925440805418
5092	5.28925440805418
5093	4.589335125784142
5094	4.589335125784142
5095	5.710072494163197
5096	4.589335125784142
5097	4.704184847062488
5098	5.8231056397956715
5099	4.704184847062488
5100	5.28925440805418
5101	5.28925440805418
5102	5.28925440805418
5103	5.28925440805418
5104	5.28925440805418
5105	5.28925440805418
5106	5.28925440805418
5107	5.28925440805418
5108	5.28925440805418
5109	5.28925440805418
5110	5.28925440805418
5111	5.28925440805418
5112	5.28925440805418
5113	5.28925440805418
5114	5.28925440805418
5115	5.28925440805418
5116	5.28925440805418
5117	5.591424143079303
5118	5.591424143079303
5119	5.591424143079303
5120	5.591424143079303
5121	5.591424143079303
5122	5.591424143079303
5123	5.591424143079303
5124	5.591424143079303
5125	5.591424143079303
5126	5.591424143079303
5127	5.591424143079303
5128	5.591424143079303
5129	5.591424143079303
5130	5.591424143079303
5131	5.591424143079303
5132	5.591424143079303
5133	5.591424143079303
5134	5.8695074678560335
5135	5.8695074678560335
5136	4.704184847062488
5137	5.8231056397956715
5138	4.704184847062488
5139	5.591424143079303
5140	5.591424143079303
5141	5.591424143079303
5142	5.591424143079303
5143	5.591424143079303
5144	5.591424143079303
5145	5.591424143079303
5146	5.591424143079303
5147	5.591424143079303
5148	5.591424143079303
5149	5.591424143079303
5150	5.591424143079303
5151	5.591424143079303
5152	5.591424143079303
5153	5.591424143079303
5154	5.591424143079303
5155	5.591424143079303
5156	5.591424143079303
5157	5.28925440805418
5158	5.28925440805418
5159	5.28925440805418
5160	5.28925440805418
5161	5.28925440805418
5162	5.28925440805418
5163	5.28925440805418
5164	5.28925440805418
5165	5.28925440805418
5166	5.28925440805418
5167	5.28925440805418
5168	5.28925440805418
5169	5.28925440805418
5170	5.28925440805418
5171	5.28925440805418
5172	5.28925440805418
5173	5.28925440805418
5174	5.28925440805418
5175	5.710072494163197
5176	5.8695074678560335
5177	5.8695074678560335
5178	4.589335125784142
5179	4.589335125784142
5180	4.72575649941899
5181	4.72575649941899
5182	4.72575649941899
5183	4.72575649941899
5184	4.72575649941899
5185	4.72575649941899
5186	4.72575649941899
5187	4.72575649941899
5188	4.72575649941899
5189	4.72575649941899
5190	4.72575649941899
5191	4.72575649941899
5192	4.72575649941899
5193	4.72575649941899
5194	4.72575649941899
5195	5.8231056397956715
5196	4.72575649941899
5197	4.72575649941899
5198	4.72575649941899
5199	4.72575649941899
5200	4.72575649941899
5201	4.72575649941899
5202	4.72575649941899
5203	4.72575649941899
5204	4.72575649941899
5205	4.72575649941899
5206	4.72575649941899
5207	4.72575649941899
5208	4.72575649941899
5209	4.72575649941899
5210	4.72575649941899
5211	4.234441351266335
5212	5.710072494163197
5213	5.8695074678560335
5214	5.8695074678560335
5215	4.234441351266335
6194	3.1014033505553305
6195	4.075145327053852
6196	4.114577627000165
6197	5.210050849875137
6198	5.210050849875137
6199	5.210050849875137
6200	5.210050849875137
6201	5.210050849875137
6202	5.591424143079303
6203	5.591424143079303
6204	5.591424143079303
6205	5.591424143079303
6206	5.591424143079303
6207	5.591424143079303
6208	5.591424143079303
6209	4.293229925459566
6210	5.28925440805418
6211	5.28925440805418
6212	5.28925440805418
6213	5.28925440805418
6214	5.28925440805418
6215	5.28925440805418
6216	5.28925440805418
6217	5.8231056397956715
6218	3.1014033505553305
6219	4.182443185957241
6220	4.72575649941899
6221	5.8695074678560335
6222	4.451079940826365
6223	4.7570010360582895
6224	4.869888533375304
6225	5.710072494163197
6226	5.710072494163197
6227	5.710072494163197
6228	4.4822302372089675
6229	4.455606112581866
6230	4.72575649941899
6231	4.548868290791856
6232	4.548868290791856
6233	4.548868290791856
6234	4.548868290791856
6235	4.548868290791856
6236	4.548868290791856
6237	4.869888533375304
6238	4.932580295817208
6239	4.932580295817208
6240	4.932580295817208
6241	4.932580295817208
6242	4.4822302372089675
6243	5.210050849875137
6244	5.210050849875137
6245	5.210050849875137
6246	5.210050849875137
6247	5.210050849875137
6248	4.182443185957241
6249	3.41929472175346
6250	4.455606112581866
6251	4.455606112581866
6252	4.455606112581866
6253	4.72575649941899
6254	5.710072494163197
6255	5.710072494163197
6256	5.710072494163197
6257	5.8231056397956715
6258	4.548868290791856
6259	4.869888533375304
6260	5.8695074678560335
6261	4.7570010360582895
6262	5.591424143079303
6263	5.591424143079303
6264	5.591424143079303
6265	5.591424143079303
6266	5.591424143079303
6267	4.72575649941899
6268	3.9659538891020625
6269	4.451079940826365
6270	4.869888533375304
6271	5.28925440805418
6272	5.28925440805418
6273	5.28925440805418
6274	5.28925440805418
6275	5.28925440805418
6276	4.114577627000165
6277	4.293229925459566
6278	4.075145327053852
6279	4.869888533375304
6280	4.455606112581866
6281	4.2197940266919804
6282	5.28925440805418
6283	5.28925440805418
6284	5.28925440805418
6285	5.28925440805418
6286	5.28925440805418
6287	5.28925440805418
6288	5.28925440805418
6289	5.28925440805418
6290	5.28925440805418
6291	5.28925440805418
6292	5.28925440805418
6293	5.28925440805418
6294	5.28925440805418
6295	5.28925440805418
6296	5.28925440805418
6297	5.28925440805418
6298	5.28925440805418
6299	5.28925440805418
6300	5.28925440805418
6301	5.28925440805418
6302	5.28925440805418
6303	5.28925440805418
6304	3.807061239917239
6305	4.72575649941899
6306	4.72575649941899
6307	5.710072494163197
6308	4.932580295817208
6309	4.548868290791856
6310	4.548868290791856
6311	5.8231056397956715
6312	3.807061239917239
6313	4.869888533375304
6314	4.72575649941899
6315	4.72575649941899
6316	5.8695074678560335
6317	4.932580295817208
6318	5.591424143079303
6319	5.591424143079303
6320	5.591424143079303
6321	5.591424143079303
6322	5.591424143079303
6323	5.591424143079303
6324	5.591424143079303
6325	5.591424143079303
6326	5.591424143079303
6327	5.591424143079303
6328	5.591424143079303
6329	5.591424143079303
6330	5.591424143079303
6331	5.591424143079303
6332	5.591424143079303
6333	5.591424143079303
6334	5.591424143079303
6335	5.591424143079303
6336	5.591424143079303
6337	5.591424143079303
6338	5.591424143079303
6339	5.591424143079303
6340	4.293229925459566
6341	4.2197940266919804
6342	4.114577627000165
6343	3.9659538891020625
6344	4.932580295817208
6345	4.72575649941899
6346	4.72575649941899
6347	4.932580295817208
6348	5.710072494163197
6349	5.710072494163197
6350	5.710072494163197
6351	4.869888533375304
6352	5.210050849875137
6353	5.210050849875137
6354	4.869888533375304
6355	4.455606112581866
6356	3.2913688504515823
6357	4.7570010360582895
6358	4.72575649941899
6359	4.72575649941899
6360	5.8695074678560335
6361	4.451079940826365
6362	4.075145327053852
6363	4.182443185957241
6364	4.548868290791856
6365	4.548868290791856
6366	5.8231056397956715
6367	4.455606112581866
6368	4.455606112581866
6369	5.210050849875137
6370	5.210050849875137
6371	5.210050849875137
6372	5.210050849875137
6373	5.210050849875137
6374	4.7570010360582895
6375	4.869888533375304
6376	4.451079940826365
6377	3.807061239917239
6378	5.591424143079303
6379	5.591424143079303
6380	5.591424143079303
6381	4.932580295817208
6382	4.932580295817208
6383	5.28925440805418
6384	5.28925440805418
6385	5.28925440805418
6386	4.72575649941899
6387	4.72575649941899
6388	5.8231056397956715
6389	4.2197940266919804
6390	4.548868290791856
6391	4.182443185957241
6392	4.2197940266919804
6393	4.869888533375304
6394	4.293229925459566
6395	4.72575649941899
6396	4.72575649941899
6397	5.710072494163197
6398	5.710072494163197
6399	5.710072494163197
6400	3.9659538891020625
6401	3.807061239917239
6402	5.8695074678560335
6403	4.4822302372089675
6404	4.075145327053852
6405	5.8231056397956715
6406	4.234441351266335
6407	4.234441351266335
6408	4.72575649941899
6409	4.72575649941899
6410	4.72575649941899
6411	4.72575649941899
6412	4.72575649941899
6413	4.72575649941899
6414	4.72575649941899
6415	4.72575649941899
6416	4.72575649941899
6417	4.72575649941899
6418	4.72575649941899
6419	4.72575649941899
6420	4.72575649941899
6421	4.72575649941899
6422	4.72575649941899
6423	5.710072494163197
6424	4.72575649941899
6425	4.72575649941899
6426	4.72575649941899
6427	4.72575649941899
6428	4.72575649941899
6429	4.72575649941899
6430	4.72575649941899
6431	4.72575649941899
6432	4.72575649941899
6433	4.72575649941899
6434	4.72575649941899
6435	4.72575649941899
6436	4.72575649941899
6437	4.72575649941899
6438	4.72575649941899
6439	5.8695074678560335
6440	5.8695074678560335
6441	4.589335125784142
6442	4.704184847062488
6443	5.8231056397956715
6444	5.8695074678560335
6445	5.8695074678560335
6446	5.591424143079303
6447	5.591424143079303
6448	5.591424143079303
6449	5.591424143079303
6450	5.591424143079303
6451	5.591424143079303
6452	5.591424143079303
6453	5.591424143079303
6454	5.591424143079303
6455	5.591424143079303
6456	5.591424143079303
6457	5.591424143079303
6458	5.591424143079303
6459	5.591424143079303
6460	5.591424143079303
6461	5.591424143079303
6462	5.591424143079303
6463	5.591424143079303
6464	4.589335125784142
6465	4.704184847062488
6466	5.710072494163197
6467	5.28925440805418
6468	5.28925440805418
6469	5.28925440805418
6470	5.28925440805418
6471	5.28925440805418
6472	5.28925440805418
6473	5.28925440805418
6474	5.28925440805418
6475	5.28925440805418
6476	5.28925440805418
6477	5.28925440805418
6478	5.28925440805418
6479	5.28925440805418
6480	5.28925440805418
6481	5.28925440805418
6482	5.28925440805418
6483	5.28925440805418
6484	5.28925440805418
6485	5.591424143079303
6486	5.591424143079303
6487	5.591424143079303
6488	5.591424143079303
6489	5.591424143079303
6490	5.591424143079303
6491	5.591424143079303
6492	5.591424143079303
6493	5.591424143079303
6494	5.591424143079303
6495	5.591424143079303
6496	5.591424143079303
6497	5.28925440805418
6498	5.28925440805418
6499	5.28925440805418
6500	5.28925440805418
6501	5.28925440805418
6502	5.28925440805418
6503	5.28925440805418
6504	5.28925440805418
6505	5.28925440805418
6506	5.28925440805418
6507	5.28925440805418
6508	5.28925440805418
6509	4.589335125784142
6510	4.704184847062488
6511	5.710072494163197
6512	4.704184847062488
6513	5.8695074678560335
6514	5.8695074678560335
6515	5.8231056397956715
6516	4.589335125784142
6517	4.704184847062488
6518	4.589335125784142
6519	5.591424143079303
6520	5.591424143079303
6521	5.591424143079303
6522	5.591424143079303
6523	5.591424143079303
6524	5.591424143079303
6525	5.591424143079303
6526	5.591424143079303
6527	5.591424143079303
6528	5.591424143079303
6529	5.591424143079303
6530	5.591424143079303
6531	5.8695074678560335
6532	5.8695074678560335
6533	5.28925440805418
6534	5.28925440805418
6535	5.28925440805418
6536	5.28925440805418
6537	5.28925440805418
6538	5.28925440805418
6539	5.28925440805418
6540	5.28925440805418
6541	5.28925440805418
6542	5.28925440805418
6543	5.28925440805418
6544	5.28925440805418
6545	5.710072494163197
6546	4.589335125784142
6547	5.8231056397956715
6548	4.704184847062488
6549	5.8231056397956715
6550	4.234441351266335
6551	5.710072494163197
6552	4.72575649941899
6553	4.72575649941899
6554	4.72575649941899
6555	4.72575649941899
6556	4.72575649941899
6557	4.72575649941899
6558	4.72575649941899
6559	4.72575649941899
6560	4.72575649941899
6561	4.72575649941899
6562	4.72575649941899
6563	4.72575649941899
6564	4.72575649941899
6565	4.72575649941899
6566	4.72575649941899
6567	4.234441351266335
6568	5.8695074678560335
6569	5.8695074678560335
6570	4.72575649941899
6571	4.72575649941899
6572	4.72575649941899
6573	4.72575649941899
6574	4.72575649941899
6575	4.72575649941899
6576	4.72575649941899
6577	4.72575649941899
6578	4.72575649941899
6579	4.72575649941899
6580	4.72575649941899
6581	4.72575649941899
6582	4.72575649941899
6583	4.72575649941899
6584	4.72575649941899
