3459	4.564772553929287
3460	0.9030899869919434
3461	0.9030899869919434
3462	1.041392685158225
3463	2.831229693867063
3464	1.0791812460476247
3465	1.7075701760979363
3466	2.143014800254095
3467	1.919078092376074
3468	1.2787536009528289
3469	1.1139433523068367
3470	1.041392685158225
3471	1.3979400086720375
3472	1.041392685158225
3473	2.0569048513364723
3474	1.2304489213782739
3475	1.6532125137753435
3476	1.716003343634799
3477	1.322219294733919
3478	1.3979400086720375
3479	1.0
3480	0.30102999566398114
3481	1.0791812460476247
3482	1.0791812460476247
3483	1.0791812460476247
3484	1.0791812460476247
3485	1.0791812460476247
3486	1.0791812460476247
3487	1.0791812460476247
3488	1.0791812460476247
3489	1.0791812460476247
3490	1.0791812460476247
3491	1.0791812460476247
3492	1.3617278360175928
3493	1.0791812460476247
3494	4.932580295817208
3495	1.3979400086720375
3496	1.0
3497	1.5185139398778873
3498	1.1139433523068367
3499	1.5185139398778873
3500	3.676236216763311
3501	2.012837224705172
3502	1.2304489213782739
3503	1.2787536009528289
3504	1.5314789170422551
3505	1.3979400086720375
3506	1.462397997898956
3507	1.0
3508	0.8450980400142567
3509	0.9542425094393249
3510	0.9030899869919434
3511	0.9030899869919434
3512	0.9542425094393249
3513	0.9542425094393249
3514	1.0791812460476247
3515	1.0791812460476247
3516	1.0791812460476247
3517	1.0791812460476247
3518	1.0791812460476247
3519	1.0791812460476247
3520	1.462397997898956
3521	4.932580295817208
3522	1.5314789170422551
3523	1.0
3524	1.5314789170422551
3525	0.47712125471966244
3526	4.564772553929287
3527	2.986323777050765
3528	0.30102999566398114
3529	1.041392685158225
3530	0.9542425094393249
3531	0.9030899869919434
3532	0.47712125471966244
3533	1.0791812460476247
3534	0.6020599913279623
3535	4.932580295817208
3536	0.9030899869919434
3537	1.3979400086720375
3538	1.1139433523068367
3539	1.1139433523068367
3540	1.041392685158225
3541	1.0791812460476247
3542	1.0791812460476247
3543	1.0791812460476247
3544	1.0791812460476247
3545	0.6020599913279623
3546	4.564772553929287
3547	0.9542425094393249
3548	0.9542425094393249
3549	0.9542425094393249
3550	0.9030899869919434
3551	0.9030899869919434
3552	0.9542425094393249
3553	0.8450980400142567
3554	0.8450980400142567
3555	0.30102999566398114
3556	2.826722520168992
3557	0.8450980400142567
3558	1.5314789170422551
3559	2.760422483423212
3560	1.4313637641589871
3561	4.564772553929287
3562	1.2787536009528289
3563	1.556302500767287
3564	1.0791812460476247
3565	1.0791812460476247
3566	1.0791812460476247
3567	1.0791812460476247
3568	1.0791812460476247
3569	1.0791812460476247
3570	1.0791812460476247
3571	1.0791812460476247
3572	1.0791812460476247
3573	1.0791812460476247
3574	1.8976270912904412
3575	1.6901960800285134
3576	1.591064607026499
3577	1.9822712330395682
3578	1.2787536009528289
3579	1.8976270912904412
3580	1.2304489213782739
3581	1.3424226808222062
3582	1.556302500767287
3583	2.760422483423212
3584	0.30102999566398114
3585	0.30102999566398114
3586	1.2787536009528289
3587	1.380211241711606
3588	4.932580295817208
3589	1.0791812460476247
3590	1.380211241711606
3591	0.9542425094393249
3592	0.9030899869919434
3593	0.9030899869919434
3594	0.9542425094393249
3595	0.9542425094393249
3596	1.1461280356782377
3597	4.564772553929287
3598	0.8450980400142567
3599	1.2787536009528289
3600	1.5440680443502754
3601	1.9294189257142926
3602	1.2304489213782739
3603	1.041392685158225
3604	1.1139433523068367
3605	0.9030899869919434
3606	0.9030899869919434
3607	2.8305886686851442
3608	1.7708520116421442
3609	1.0791812460476247
3610	0.9030899869919434
3611	1.7708520116421442
3612	1.322219294733919
3613	1.041392685158225
3614	0.8450980400142567
3615	1.591064607026499
3616	0.9030899869919434
3617	1.447158031342219
3618	1.1139433523068367
3619	0.30102999566398114
3620	0.30102999566398114
3621	0.30102999566398114
3622	0.9542425094393249
3623	0.9542425094393249
3624	1.0
3625	1.0791812460476247
3626	1.041392685158225
3627	4.932580295817208
3628	1.1139433523068367
3629	1.041392685158225
3630	0.9030899869919434
3631	1.0791812460476247
3632	1.0791812460476247
3633	1.0791812460476247
3634	1.0791812460476247
3635	1.0791812460476247
3636	2.656098202012832
3637	1.6627578316815739
3638	2.925827574624742
3639	1.041392685158225
3640	1.0791812460476247
3641	1.0791812460476247
3642	1.0791812460476247
3643	1.0791812460476247
3644	1.0791812460476247
3645	1.0791812460476247
3646	1.0791812460476247
3647	0.30102999566398114
3648	3.365300748637987
3649	4.564772553929287
3650	1.2041199826559246
3651	0.8450980400142567
3652	0.30102999566398114
3653	0.30102999566398114
3654	0.30102999566398114
3655	0.9542425094393249
3656	0.9030899869919434
3657	0.9542425094393249
3658	0.9030899869919434
3659	0.9030899869919434
3660	0.9542425094393249
3661	0.9030899869919434
3662	1.1760912590556811
3663	1.591064607026499
3664	1.5440680443502754
3665	2.064457989226918
3666	1.9395192526186182
3667	1.7558748556724912
3668	1.5314789170422551
3669	1.7403626894942439
3670	2.0
3671	1.414973347970818
3672	3.3956757852699355
3673	3.6678263789507106
3674	1.414973347970818
3675	1.041392685158225
3676	1.591064607026499
3677	1.1760912590556811
3678	2.925827574624742
3679	1.1760912590556811
3680	1.1139433523068367
3681	4.932580295817208
3682	0.9030899869919434
3683	1.2787536009528289
3684	1.4313637641589871
3685	1.1139433523068367
3686	1.0791812460476247
3687	1.0791812460476247
3688	1.0791812460476247
3689	1.0791812460476247
3690	1.0791812460476247
3691	1.0791812460476247
3692	1.0791812460476247
3693	1.041392685158225
3694	1.322219294733919
3695	1.041392685158225
3696	1.041392685158225
3697	1.041392685158225
3698	1.4913616938342726
3699	0.9030899869919434
3700	1.041392685158225
3701	0.8450980400142567
3702	0.9030899869919434
3703	0.9542425094393249
3704	4.564772553929287
3705	2.02530586526477
3706	0.8450980400142567
3707	0.30102999566398114
3708	0.30102999566398114
3709	0.30102999566398114
3710	1.0
3711	0.9030899869919434
3712	1.0791812460476247
3713	1.2041199826559246
3714	4.932580295817208
3715	1.4313637641589871
3716	2.656098202012832
3717	0.9542425094393249
3718	1.0
3719	4.564772553929287
3720	3.365300748637987
3721	0.30102999566398114
3722	3.437274797410123
3723	0.9030899869919434
3724	0.8450980400142567
3725	4.932580295817208
3726	0.9030899869919434
3727	0.9030899869919434
3728	1.0
3729	3.676236216763311
3730	1.1139433523068367
3731	1.1139433523068367
3732	1.1139433523068367
3733	3.1708482036433088
3734	0.9542425094393249
3735	0.9542425094393249
3736	1.041392685158225
3737	0.30102999566398114
3738	0.30102999566398114
3739	0.30102999566398114
3740	0.9542425094393249
3741	0.9542425094393249
3742	0.9542425094393249
3743	0.9030899869919434
3744	0.9030899869919434
3745	0.9030899869919434
3746	2.650307523131936
3747	1.1760912590556811
3748	0.9542425094393249
3749	1.6720978579357173
3750	1.0
3751	0.9030899869919434
3752	1.0791812460476247
3753	1.0791812460476247
3754	1.0791812460476247
3755	1.0791812460476247
3756	1.1139433523068367
3757	1.1139433523068367
3758	1.1139433523068367
3759	1.0
3760	1.2304489213782739
3761	3.0413926851582245
3762	0.30102999566398114
3763	0.8450980400142567
3764	2.4014005407815437
3765	2.4014005407815437
3766	1.0791812460476247
3767	1.0791812460476247
3768	1.0791812460476247
3769	0.7781512503836435
3770	4.932580295817208
3771	3.0413926851582245
3772	0.8450980400142567
3773	0.9030899869919434
3774	1.041392685158225
3775	1.041392685158225
3776	0.8450980400142567
3777	1.2787536009528289
3778	1.041392685158225
3779	1.5185139398778873
3780	0.8450980400142567
3781	1.7403626894942439
3782	1.0791812460476247
3783	1.0791812460476247
3784	1.0791812460476247
3785	1.0791812460476247
3786	1.0791812460476247
3787	1.9867717342662448
3788	1.3424226808222062
3789	1.5051499783199058
3790	1.041392685158225
3791	0.6020599913279623
3792	4.932580295817208
3793	1.041392685158225
3794	1.1461280356782377
3795	0.9542425094393249
3796	1.7403626894942439
3797	0.6020599913279623
3798	1.919078092376074
3799	1.6532125137753435
3800	1.591064607026499
3801	1.5682017240669948
3802	1.5440680443502754
3803	0.30102999566398114
3804	1.9138138523837167
3805	1.0
3806	1.4771212547196624
3807	1.919078092376074
3808	2.442479769064448
3809	0.9542425094393249
3810	2.5263392773898437
3811	1.0791812460476247
3812	1.0791812460476247
3813	1.0791812460476247
3814	1.0791812460476247
3815	1.0791812460476247
3816	4.932580295817208
3817	1.6627578316815739
3818	1.919078092376074
3819	0.30102999566398114
3820	1.1139433523068367
3821	2.107209969647868
3822	1.9822712330395682
3823	1.4913616938342726
3824	1.322219294733919
3825	2.0969100130080562
3826	2.5263392773898437
3827	0.8450980400142567
3828	1.6812412373755872
3829	0.9542425094393249
3830	2.311753861055754
3831	1.7403626894942439
3832	0.6020599913279623
3833	0.6020599913279623
3834	1.1461280356782377
3835	1.3424226808222062
3836	1.380211241711606
3837	1.4771212547196624
3838	0.9030899869919434
3839	0.8450980400142567
3840	3.239799818447098
3841	1.0791812460476247
3842	1.0791812460476247
3843	1.0791812460476247
3844	1.0791812460476247
3845	1.0791812460476247
3846	1.0791812460476247
3847	1.0791812460476247
3848	1.0791812460476247
3849	1.0791812460476247
3850	1.0791812460476247
3851	1.1139433523068367
3852	1.5185139398778873
3853	1.7403626894942439
3854	1.2304489213782739
3855	1.5440680443502754
3856	1.8260748027008262
3857	1.6334684555795864
3858	1.591064607026499
3859	1.462397997898956
3860	1.7075701760979363
3861	1.322219294733919
3862	1.7993405494535815
3863	1.6720978579357173
3864	1.5185139398778873
3865	1.8692317197309762
3866	1.1461280356782377
3867	0.30102999566398114
3868	4.932580295817208
3869	0.9542425094393249
3870	1.2787536009528289
3871	0.7781512503836435
3872	0.9542425094393249
3873	0.9030899869919434
3874	0.9542425094393249
3875	0.9542425094393249
3876	1.57978359661681
3877	1.57978359661681
3878	4.564772553929287
3879	0.7781512503836435
3880	0.30102999566398114
3881	0.30102999566398114
3882	0.30102999566398114
3883	2.02530586526477
3884	0.30102999566398114
3885	0.9542425094393249
3886	1.6434526764861872
3887	0.9542425094393249
3888	0.9542425094393249
3889	1.2787536009528289
3890	1.1139433523068367
3891	1.6434526764861872
3892	1.1139433523068367
3893	1.0791812460476247
3894	1.0791812460476247
3895	1.0791812460476247
3896	1.0791812460476247
3897	1.0791812460476247
3898	4.932580295817208
3899	0.9542425094393249
3900	1.0
3901	1.7708520116421442
3902	2.0
3903	1.1139433523068367
3904	1.6127838567197355
3905	1.1139433523068367
3906	1.2304489213782739
3907	0.8450980400142567
3908	3.239799818447098
3909	0.9030899869919434
3910	0.9030899869919434
3911	3.0178677189635055
3912	0.9542425094393249
3913	0.9542425094393249
3914	0.6020599913279623
3915	3.2769211320657736
3916	1.9084850188786497
3917	1.0791812460476247
3918	1.0791812460476247
3919	1.0791812460476247
3920	1.0791812460476247
3921	0.9030899869919434
3922	0.30102999566398114
3923	0.30102999566398114
3924	0.30102999566398114
3925	4.932580295817208
3926	0.9030899869919434
3927	1.041392685158225
3928	1.9084850188786497
3929	0.8450980400142567
3930	0.6020599913279623
3931	0.8450980400142567
3932	1.0791812460476247
3933	0.9030899869919434
3934	1.8750612633916997
3935	1.6720978579357173
3936	1.2787536009528289
3937	1.9956351945975497
3938	1.3617278360175928
3939	0.9030899869919434
3940	0.9030899869919434
3941	0.9030899869919434
3942	0.9542425094393249
3943	0.9542425094393249
3944	0.9542425094393249
3945	0.9030899869919434
3946	0.9030899869919434
3947	1.041392685158225
3948	1.041392685158225
3949	1.0791812460476247
3950	1.3424226808222062
3951	0.47712125471966244
3952	1.0791812460476247
3953	1.0791812460476247
3954	1.0791812460476247
3955	1.0791812460476247
3956	1.1139433523068367
3957	1.0791812460476247
3958	1.0791812460476247
3959	2.214843848047698
3960	1.9822712330395682
3961	2.0681858617461617
3962	1.6532125137753435
3963	1.322219294733919
3964	1.4313637641589871
3965	1.6532125137753435
3966	3.4840149626675623
3967	1.1139433523068367
3968	1.6334684555795864
3969	0.30102999566398114
3970	0.8450980400142567
3971	0.9030899869919434
3972	0.9030899869919434
3973	4.932580295817208
3974	0.8450980400142567
3975	1.2304489213782739
3976	4.564772553929287
3977	1.6334684555795864
3978	2.5682017240669945
3979	0.30102999566398114
3980	0.30102999566398114
3981	0.30102999566398114
3982	2.1931245983544616
3983	1.1139433523068367
3984	1.0
3985	0.8450980400142567
3986	2.1931245983544616
3987	4.564772553929287
3988	1.0791812460476247
3989	1.0
3990	3.6040099324122297
3991	4.932580295817208
3992	1.0791812460476247
3993	1.0791812460476247
3994	1.0791812460476247
3995	0.8450980400142567
3996	3.6040099324122297
3997	0.8450980400142567
3998	0.30102999566398114
3999	0.30102999566398114
4000	0.30102999566398114
4001	1.8061799739838869
4002	1.1139433523068367
4003	1.851258348719075
4004	1.919078092376074
4005	1.6020599913279623
4006	0.9542425094393249
4007	0.9030899869919434
4008	0.9542425094393249
4009	0.9542425094393249
4010	0.30102999566398114
4011	1.1139433523068367
4012	1.0791812460476247
4013	1.0791812460476247
4014	1.0791812460476247
4015	1.0791812460476247
4016	1.0791812460476247
4017	1.0791812460476247
4018	1.0791812460476247
4019	4.932580295817208
4020	2.2013971243204513
4021	1.041392685158225
4022	1.2787536009528289
4023	1.4913616938342726
4024	1.7075701760979363
4025	1.7403626894942439
4026	1.4313637641589871
4027	1.1139433523068367
4028	1.5440680443502754
4029	1.8325089127062362
4030	1.5051499783199058
4031	1.041392685158225
4032	3.4919217125861506
4033	2.2013971243204513
4034	3.4919217125861506
4035	0.6989700043360187
4036	0.30102999566398114
4037	1.6127838567197355
4038	1.462397997898956
4039	4.564772553929287
4040	2.8388490907372548
4041	2.8388490907372548
4042	0.8450980400142567
4043	1.0
4044	1.462397997898956
4045	0.30102999566398114
4046	0.30102999566398114
4047	0.30102999566398114
4048	3.0207754881935576
4049	1.0791812460476247
4050	1.6127838567197355
4051	1.0791812460476247
4052	1.0791812460476247
4053	1.0791812460476247
4054	1.0791812460476247
4055	1.0791812460476247
4056	1.0791812460476247
4057	1.6127838567197355
4058	0.9030899869919434
4059	4.932580295817208
4060	2.5415792439465807
4061	3.676236216763311
4062	1.6127838567197355
4063	1.0
4064	1.6127838567197355
4065	2.0043213737826426
4066	1.7403626894942439
4067	1.7323937598229684
4068	1.4913616938342726
4069	2.2121876044039577
4070	1.0
4071	1.2041199826559246
4072	4.564772553929287
4073	0.30102999566398114
4074	0.30102999566398114
4075	0.30102999566398114
4076	3.6678263789507106
4077	1.0791812460476247
4078	1.0791812460476247
4079	1.0791812460476247
4080	1.0791812460476247
4081	1.0791812460476247
4082	1.2304489213782739
4083	1.4913616938342726
4084	1.6901960800285134
4085	1.9395192526186182
4086	1.5682017240669948
4087	1.851258348719075
4088	4.932580295817208
4089	1.0
4090	1.2304489213782739
4091	1.0
4092	0.9542425094393249
4093	1.0
4094	3.3956757852699355
4095	1.2041199826559246
4096	1.0
4097	0.9030899869919434
4098	0.9030899869919434
4099	0.9030899869919434
4100	1.1139433523068367
4101	1.9493900066449126
4102	1.3617278360175928
4103	1.8195439355418683
4104	1.5185139398778873
4105	4.564772553929287
4106	0.9030899869919434
4107	0.9030899869919434
4108	2.4183012913197452
4109	1.447158031342219
4110	0.9030899869919434
4111	1.0
4112	1.1139433523068367
4113	1.5185139398778873
4114	2.559906625036112
4115	1.0791812460476247
4116	1.2041199826559246
4117	1.2041199826559246
4118	1.0791812460476247
4119	0.30102999566398114
4120	0.30102999566398114
4121	0.30102999566398114
4122	1.041392685158225
4123	1.5051499783199058
4124	2.1139433523068365
4125	1.1461280356782377
4126	1.041392685158225
4127	1.1461280356782377
4128	4.932580295817208
4129	0.8450980400142567
4130	1.1461280356782377
4131	1.0791812460476247
4132	1.0791812460476247
4133	1.0791812460476247
4134	1.1461280356782377
4135	1.1139433523068367
4136	1.041392685158225
4137	1.3424226808222062
4138	1.5682017240669948
4139	1.0
4140	1.2552725051033058
4141	1.591064607026499
4142	1.5314789170422551
4143	1.2304489213782739
4144	1.1461280356782377
4145	1.4771212547196624
4146	1.4313637641589871
4147	1.380211241711606
4148	1.0791812460476247
4149	1.4313637641589871
4150	1.380211241711606
4151	1.7993405494535815
4152	1.2787536009528289
4153	1.414973347970818
4154	1.462397997898956
4155	1.1461280356782377
4156	1.1139433523068367
4157	4.871210872597103
4158	4.234441351266335
4159	0.6989700043360187
4160	0.47712125471966244
4161	1.2552725051033058
4162	1.2304489213782739
4163	1.7993405494535815
4164	1.380211241711606
4165	1.4771212547196624
4166	1.1461280356782377
4167	1.4313637641589871
4168	1.2787536009528289
4169	1.462397997898956
4170	1.5314789170422551
4171	1.414973347970818
4172	1.3424226808222062
4173	1.1139433523068367
4174	1.4313637641589871
4175	1.0791812460476247
4176	1.1461280356782377
4177	1.0
4178	1.5682017240669948
4179	1.380211241711606
4180	1.591064607026499
4181	0.9542425094393249
4182	4.871210872597103
4183	4.234441351266335
4184	1.041392685158225
4185	1.041392685158225
4186	1.041392685158225
4187	1.041392685158225
4188	1.041392685158225
4189	1.041392685158225
4190	1.2304489213782739
4191	1.1139433523068367
4192	1.041392685158225
4193	1.041392685158225
4194	1.041392685158225
4195	1.041392685158225
4196	1.041392685158225
4197	1.041392685158225
4198	1.1139433523068367
4199	1.2304489213782739
4200	1.041392685158225
4201	1.041392685158225
4202	1.041392685158225
4203	1.041392685158225
4204	1.041392685158225
4205	1.0791812460476247
4206	0.47712125471966244
4207	0.6989700043360187
4208	0.30102999566398114
4209	1.1139433523068367
4210	1.041392685158225
4211	1.2304489213782739
4212	1.041392685158225
4213	1.1139433523068367
4214	1.041392685158225
4215	1.041392685158225
4216	1.041392685158225
4217	1.041392685158225
4218	1.041392685158225
4219	1.041392685158225
4220	1.041392685158225
4221	1.041392685158225
4222	1.041392685158225
4223	1.2304489213782739
4224	1.041392685158225
4225	1.041392685158225
4226	1.041392685158225
4227	1.041392685158225
4228	1.041392685158225
4229	1.041392685158225
4230	0.47712125471966244
4231	0.47712125471966244
4232	5.932603120519249
4233	0.7781512503836435
4234	1.6020599913279623
4235	5.932603120519249
4236	1.0791812460476247
4237	1.0791812460476247
4238	1.0791812460476247
4239	1.1139433523068367
4240	1.1139433523068367
4241	1.1139433523068367
4242	1.0791812460476247
4243	1.1139433523068367
4244	1.0791812460476247
4245	1.1139433523068367
4246	1.1139433523068367
4247	1.0791812460476247
4248	1.1139433523068367
4249	1.1139433523068367
4250	1.0791812460476247
4251	1.0791812460476247
4252	1.0791812460476247
4253	1.1139433523068367
4254	1.1139433523068367
4255	1.1139433523068367
4256	1.0791812460476247
4257	1.1139433523068367
4258	1.1139433523068367
4259	1.1139433523068367
4260	1.0791812460476247
4261	1.0791812460476247
4262	1.1139433523068367
4263	1.1139433523068367
4264	1.1139433523068367
4265	1.1139433523068367
4266	1.1139433523068367
4267	1.0791812460476247
4268	1.1139433523068367
4269	1.1139433523068367
4270	1.0791812460476247
4271	4.871210872597103
4272	4.704184847062488
4273	1.322219294733919
4274	1.716003343634799
4275	1.5185139398778873
4276	1.0791812460476247
4277	1.7558748556724912
4278	1.591064607026499
4279	1.447158031342219
4280	1.447158031342219
4281	1.7323937598229684
4282	1.7075701760979363
4283	1.8920946026904801
4284	1.7323937598229684
4285	1.9242792860618814
4286	1.5185139398778873
4287	1.724275869600789
4288	1.7075701760979363
4289	1.57978359661681
4290	1.4913616938342726
4291	1.5440680443502754
4292	1.8388490907372552
4293	1.7481880270062005
4294	1.6232492903979003
4295	1.6020599913279623
4296	1.785329835010767
4297	1.6020599913279623
4298	1.5682017240669948
4299	1.6334684555795864
4300	1.8388490907372552
4301	1.6020599913279623
4302	1.0791812460476247
4303	1.556302500767287
4304	1.5314789170422551
4305	1.556302500767287
4306	1.6434526764861872
4307	5.932603120519249
4308	0.30102999566398114
4309	1.6627578316815739
4310	1.7481880270062005
4311	1.462397997898956
4312	1.447158031342219
4313	1.462397997898956
4314	2.340444114840118
4315	1.4913616938342726
4316	1.2552725051033058
4317	1.447158031342219
4318	1.4913616938342726
4319	1.6020599913279623
4320	1.6020599913279623
4321	1.3979400086720375
4322	1.556302500767287
4323	1.6020599913279623
4324	1.5440680443502754
4325	1.301029995663981
4326	1.57978359661681
4327	1.716003343634799
4328	1.7558748556724912
4329	1.556302500767287
4330	0.47712125471966244
4331	4.704184847062488
4332	4.871210872597103
4333	1.380211241711606
4334	1.0791812460476247
4335	1.0791812460476247
4336	1.0791812460476247
4337	1.1139433523068367
4338	1.0791812460476247
4339	1.0791812460476247
4340	1.1139433523068367
4341	1.0791812460476247
4342	1.0791812460476247
4343	1.0791812460476247
4344	1.0791812460476247
4345	1.0791812460476247
4346	1.0791812460476247
4347	1.0791812460476247
4348	1.0791812460476247
4349	1.0791812460476247
4350	1.0791812460476247
4351	1.0791812460476247
4352	1.0791812460476247
4353	1.0791812460476247
4354	1.0791812460476247
4355	0.7781512503836435
4356	5.932603120519249
4357	0.7781512503836435
4358	1.6334684555795864
4359	1.8750612633916997
4360	1.3617278360175928
4361	1.6334684555795864
4362	1.6127838567197355
4363	1.3617278360175928
4364	1.301029995663981
4365	1.5051499783199058
4366	1.6020599913279623
4367	1.4313637641589871
4368	1.301029995663981
4369	1.5440680443502754
4370	1.0791812460476247
4371	1.2041199826559246
4372	1.322219294733919
4373	1.4313637641589871
4374	1.3424226808222062
4375	1.414973347970818
4376	1.462397997898956
4377	1.5682017240669948
4378	5.932603120519249
4379	4.871210872597103
4380	4.704184847062488
4381	5.932603120519249
4382	0.30102999566398114
4383	1.3979400086720375
4384	1.0791812460476247
4385	1.0791812460476247
4386	1.0791812460476247
4387	1.1139433523068367
4388	1.0791812460476247
4389	1.0791812460476247
4390	1.0791812460476247
4391	1.0791812460476247
4392	1.041392685158225
4393	1.0791812460476247
4394	1.0791812460476247
4395	1.0791812460476247
4396	1.0791812460476247
4397	1.0791812460476247
4398	1.0791812460476247
4399	1.0791812460476247
4400	1.041392685158225
4401	1.0791812460476247
4402	1.0791812460476247
4403	1.0791812460476247
4404	1.0791812460476247
4405	1.1139433523068367
4406	0.47712125471966244
4407	0.7781512503836435
4408	4.704184847062488
4409	4.871210872597103
4410	1.2041199826559246
4411	5.932603120519249
4412	0.47712125471966244
4413	1.1461280356782377
4414	1.724275869600789
4415	1.6989700043360185
4416	1.380211241711606
4417	1.3979400086720375
4418	1.6020599913279623
4419	1.6720978579357173
4420	1.0791812460476247
4421	1.0791812460476247
4422	1.8692317197309762
4423	1.8061799739838869
4424	1.5051499783199058
4425	1.6434526764861872
4426	1.0791812460476247
4427	1.0791812460476247
4428	1.0791812460476247
4429	1.0791812460476247
4430	1.1139433523068367
4431	1.0791812460476247
4432	1.0791812460476247
4433	1.0791812460476247
4434	1.0791812460476247
4435	1.0791812460476247
4436	1.1139433523068367
4437	1.0791812460476247
4438	1.0791812460476247
4439	5.932603120519249
4440	0.30102999566398114
4441	0.47712125471966244
4442	1.0
4443	1.0
4444	1.0
4445	1.0
4446	1.0
4447	1.0
4448	1.0
4449	1.0
4450	1.0
4451	1.0
4452	1.0
4453	1.0
4454	1.0
4455	1.0
4456	1.0
4457	1.0
4458	1.0
4459	1.0
4460	1.0
4461	1.0
4462	1.0
4463	1.0
4464	0.7781512503836435
4465	1.0791812460476247
4466	1.0791812460476247
4467	1.0791812460476247
4468	1.0791812460476247
4469	1.0791812460476247
4470	1.0791812460476247
4471	1.0791812460476247
4472	1.0791812460476247
4473	1.0791812460476247
4474	1.0791812460476247
4475	1.0791812460476247
4476	1.0791812460476247
4477	1.0791812460476247
4478	1.0791812460476247
4479	1.0791812460476247
4480	1.0791812460476247
4481	1.0791812460476247
4482	1.0791812460476247
4483	1.0791812460476247
4484	1.0791812460476247
4485	1.0791812460476247
4486	1.0791812460476247
4487	0.30102999566398114
4488	5.932603120519249
4489	1.3979400086720375
4490	4.871210872597103
4491	4.704184847062488
4492	5.932603120519249
4493	0.7781512503836435
4494	1.556302500767287
4495	1.2552725051033058
4496	1.041392685158225
4497	1.1139433523068367
4498	1.1461280356782377
4499	1.1461280356782377
4500	1.1461280356782377
4501	1.6232492903979003
4502	1.1139433523068367
4503	1.041392685158225
4504	1.0791812460476247
4505	1.7403626894942439
4506	1.0791812460476247
4507	1.380211241711606
4508	1.0791812460476247
4509	1.0791812460476247
4510	1.0791812460476247
4511	1.0791812460476247
4512	1.0791812460476247
4513	1.0791812460476247
4514	1.0791812460476247
4515	1.0791812460476247
4516	1.0791812460476247
4517	1.0791812460476247
4518	1.0791812460476247
4519	1.0791812460476247
4520	1.0791812460476247
4521	4.704184847062488
4522	4.871210872597103
4523	5.932603120519249
4524	0.47712125471966244
4525	0.30102999566398114
4526	1.2041199826559246
4527	5.932603120519249
4528	5.932603120519249
4529	4.704184847062488
4530	4.871210872597103
4531	0.7781512503836435
4532	0.47712125471966244
4533	0.30102999566398114
4534	1.7481880270062005
4535	1.556302500767287
4536	1.462397997898956
4537	1.462397997898956
4538	1.1461280356782377
4539	1.5314789170422551
4540	1.6334684555795864
4541	1.5682017240669948
4542	1.6334684555795864
4543	1.3617278360175928
4544	1.2304489213782739
4545	1.6020599913279623
4546	1.7481880270062005
4547	1.8129133566428552
4548	1.0
4549	1.2552725051033058
4550	1.4913616938342726
4551	1.7403626894942439
4552	1.1461280356782377
4553	1.5051499783199058
4554	1.5051499783199058
4555	1.6627578316815739
4556	1.6334684555795864
4557	1.556302500767287
4558	1.0791812460476247
4559	1.556302500767287
4560	1.462397997898956
4561	1.0791812460476247
4562	1.0791812460476247
4563	1.0791812460476247
4564	1.0791812460476247
4565	1.0791812460476247
4566	1.0791812460476247
4567	1.1139433523068367
4568	1.0791812460476247
4569	1.0791812460476247
4570	1.0791812460476247
4571	1.0791812460476247
4572	1.0791812460476247
4573	1.0791812460476247
4574	1.0791812460476247
4575	1.0791812460476247
4576	1.0791812460476247
4577	1.0791812460476247
4578	1.0791812460476247
4579	1.0791812460476247
4580	1.0791812460476247
4581	1.1139433523068367
4582	1.0791812460476247
4583	1.0791812460476247
4584	1.0791812460476247
4585	1.0791812460476247
4586	1.0791812460476247
4587	5.932603120519249
4588	4.704184847062488
4589	4.871210872597103
4590	0.7781512503836435
4591	5.932603120519249
4592	0.47712125471966244
4593	5.932603120519249
4594	1.0791812460476247
4595	1.1139433523068367
4596	1.0791812460476247
4597	1.0791812460476247
4598	1.1139433523068367
4599	1.1139433523068367
4600	1.0791812460476247
4601	1.0791812460476247
4602	1.1139433523068367
4603	1.0791812460476247
4604	1.0791812460476247
4605	1.0791812460476247
4606	1.1139433523068367
4607	1.414973347970818
4608	1.322219294733919
4609	1.6020599913279623
4610	1.6812412373755872
4611	1.716003343634799
4612	1.7323937598229684
4613	1.6127838567197355
4614	1.4913616938342726
4615	1.0791812460476247
4616	1.5314789170422551
4617	1.1461280356782377
4618	1.2787536009528289
4619	1.0791812460476247
4620	1.2304489213782739
4621	0.47712125471966244
4622	0.7781512503836435
4623	5.932603120519249
4624	1.3979400086720375
4625	0.47712125471966244
4626	1.0791812460476247
4627	1.0791812460476247
4628	1.0791812460476247
4629	1.0791812460476247
4630	1.0791812460476247
4631	1.0791812460476247
4632	1.0791812460476247
4633	1.0791812460476247
4634	1.0791812460476247
4635	1.0791812460476247
4636	1.0791812460476247
4637	1.0791812460476247
4638	1.0791812460476247
4639	1.0791812460476247
4640	1.0791812460476247
4641	1.0791812460476247
4642	1.0791812460476247
4643	1.0791812460476247
4644	1.0791812460476247
4645	1.0791812460476247
4646	1.0791812460476247
4647	1.0791812460476247
4648	1.3979400086720375
4649	1.0
4650	1.447158031342219
4651	1.301029995663981
4652	1.0
4653	1.3979400086720375
4654	1.4313637641589871
4655	1.5682017240669948
4656	1.0791812460476247
4657	1.2304489213782739
4658	1.2304489213782739
4659	1.6020599913279623
4660	1.4771212547196624
4661	1.0
4662	1.322219294733919
4663	1.5051499783199058
4664	1.3979400086720375
4665	1.1139433523068367
4666	1.2041199826559246
4667	1.2787536009528289
4668	1.5185139398778873
4669	1.4771212547196624
4670	0.30102999566398114
4671	4.871210872597103
4672	4.704184847062488
4673	5.932603120519249
4674	1.2552725051033058
4675	5.932603120519249
4676	1.0791812460476247
4677	1.0791812460476247
4678	1.0791812460476247
4679	1.0791812460476247
4680	1.0791812460476247
4681	1.0791812460476247
4682	1.0791812460476247
4683	1.0791812460476247
4684	1.0791812460476247
4685	1.0791812460476247
4686	1.0791812460476247
4687	1.0791812460476247
4688	1.0791812460476247
4689	1.0791812460476247
4690	1.0791812460476247
4691	1.8129133566428552
4692	1.1461280356782377
4693	1.556302500767287
4694	1.6127838567197355
4695	1.5185139398778873
4696	1.380211241711606
4697	1.1461280356782377
4698	1.57978359661681
4699	1.041392685158225
4700	1.5185139398778873
4701	1.57978359661681
4702	1.8129133566428552
4703	1.1461280356782377
4704	1.0791812460476247
4705	0.47712125471966244
4706	0.8450980400142567
4707	5.932603120519249
4708	4.871210872597103
4709	4.704184847062488
4710	0.30102999566398114
4711	0.47712125471966244
4712	5.932603120519249
4713	1.0791812460476247
4714	1.1139433523068367
4715	1.0791812460476247
4716	1.0791812460476247
4717	1.0791812460476247
4718	1.0791812460476247
4719	1.0791812460476247
4720	1.0791812460476247
4721	1.1139433523068367
4722	1.0791812460476247
4723	1.0791812460476247
4724	1.0791812460476247
4725	1.1139433523068367
4726	1.0791812460476247
4727	1.0791812460476247
4728	1.0791812460476247
4729	1.0791812460476247
4730	1.0791812460476247
4731	1.0791812460476247
4732	1.0791812460476247
4733	1.1139433523068367
4734	5.932603120519249
4735	1.7481880270062005
4736	1.7558748556724912
4737	1.414973347970818
4738	1.716003343634799
4739	1.6812412373755872
4740	1.3424226808222062
4741	1.301029995663981
4742	1.5682017240669948
4743	1.322219294733919
4744	1.3617278360175928
4745	1.4771212547196624
4746	1.6720978579357173
4747	1.3979400086720375
4748	1.3979400086720375
4749	1.8061799739838869
4750	1.6532125137753435
4751	1.6812412373755872
4752	1.7403626894942439
4753	1.6232492903979003
4754	1.57978359661681
4755	1.301029995663981
4756	1.322219294733919
4757	0.30102999566398114
4758	4.871210872597103
4759	4.704184847062488
4760	1.380211241711606
4761	0.8450980400142567
4762	1.6901960800285134
4763	1.9344984512435675
4764	1.6532125137753435
4765	1.7481880270062005
4766	1.4771212547196624
4767	1.7781512503836434
4768	1.8061799739838869
4769	1.57978359661681
4770	1.4771212547196624
4771	1.8633228601204557
4772	1.724275869600789
4773	1.6020599913279623
4774	1.7923916894982537
4775	1.6127838567197355
4776	1.5051499783199058
4777	1.6232492903979003
4778	5.932603120519249
4779	0.47712125471966244
4780	0.8450980400142567
4781	1.2787536009528289
4782	4.704184847062488
4783	4.871210872597103
4784	1.0791812460476247
4785	1.0791812460476247
4786	1.0791812460476247
4787	1.0791812460476247
4788	1.0791812460476247
4789	1.0791812460476247
4790	1.0791812460476247
4791	1.0791812460476247
4792	1.0791812460476247
4793	1.0791812460476247
4794	1.0791812460476247
4795	1.0791812460476247
4796	1.0791812460476247
4797	1.0791812460476247
4798	1.1139433523068367
4799	1.0791812460476247
4800	0.30102999566398114
4801	5.932603120519249
4802	0.6020599913279623
4803	1.414973347970818
4804	1.322219294733919
4805	1.462397997898956
4806	1.0
4807	1.2304489213782739
4808	1.1139433523068367
4809	1.2304489213782739
4810	1.5051499783199058
4811	1.301029995663981
4812	1.6334684555795864
4813	1.2552725051033058
4814	1.5682017240669948
4815	1.2304489213782739
4816	1.041392685158225
4817	1.0791812460476247
4818	1.4913616938342726
4819	1.1461280356782377
4820	1.462397997898956
4821	1.2787536009528289
4822	1.301029995663981
4823	1.0791812460476247
4824	1.1461280356782377
4825	1.3424226808222062
4826	1.6127838567197355
4827	0.47712125471966244
4828	4.871210872597103
4829	4.234441351266335
4830	0.47712125471966244
4831	1.2304489213782739
4832	1.5682017240669948
4833	1.462397997898956
4834	1.301029995663981
4835	1.1461280356782377
4836	1.0791812460476247
4837	1.2304489213782739
4838	1.462397997898956
4839	1.6334684555795864
4840	1.041392685158225
4841	1.6127838567197355
4842	1.0
4843	1.301029995663981
4844	1.0791812460476247
4845	1.1461280356782377
4846	1.1139433523068367
4847	1.2304489213782739
4848	1.2552725051033058
4849	1.322219294733919
4850	1.3424226808222062
4851	1.4913616938342726
4852	1.5051499783199058
4853	1.2787536009528289
4854	5.932603120519249
4855	1.0791812460476247
4856	1.0791812460476247
4857	1.0791812460476247
4858	1.0791812460476247
4859	1.0791812460476247
4860	1.0791812460476247
4861	1.0791812460476247
4862	1.0791812460476247
4863	1.0791812460476247
4864	1.0791812460476247
4865	1.0791812460476247
4866	1.0791812460476247
4867	1.0791812460476247
4868	1.0791812460476247
4869	1.0791812460476247
4870	1.0791812460476247
4871	1.0791812460476247
4872	1.0791812460476247
4873	1.0791812460476247
4874	1.0791812460476247
4875	1.0791812460476247
4876	1.0791812460476247
4877	1.0791812460476247
4878	1.0791812460476247
4879	1.0791812460476247
4880	1.0791812460476247
4881	1.0791812460476247
4882	1.0791812460476247
4883	1.0791812460476247
4884	1.0791812460476247
4885	1.0791812460476247
4886	1.0791812460476247
4887	1.0791812460476247
4888	1.0791812460476247
4889	1.0791812460476247
4890	1.0791812460476247
4891	1.0791812460476247
4892	1.0791812460476247
4893	1.0791812460476247
4894	1.0791812460476247
4895	1.0791812460476247
4896	1.0791812460476247
4897	1.0791812460476247
4898	1.0791812460476247
4899	1.0791812460476247
4900	1.0791812460476247
4901	1.0791812460476247
4902	1.0791812460476247
4903	1.0791812460476247
4904	1.0791812460476247
4905	1.0791812460476247
4906	1.0791812460476247
4907	1.0791812460476247
4908	1.0791812460476247
4909	1.0791812460476247
4910	1.0791812460476247
4911	1.0791812460476247
4912	1.0791812460476247
4913	1.0791812460476247
4914	1.0791812460476247
4915	1.0791812460476247
4916	1.0791812460476247
4917	1.0791812460476247
4918	1.0791812460476247
4919	1.0791812460476247
4920	1.0791812460476247
4921	1.0791812460476247
4922	1.0791812460476247
4923	1.0791812460476247
4924	1.0791812460476247
4925	1.0791812460476247
4926	1.0791812460476247
4927	1.0791812460476247
4928	1.0791812460476247
4929	1.0791812460476247
4930	1.0791812460476247
4931	1.0791812460476247
4932	1.0791812460476247
4933	1.0791812460476247
4934	1.0791812460476247
4935	1.0791812460476247
4936	1.0791812460476247
4937	1.0791812460476247
4938	1.0791812460476247
4939	1.0791812460476247
4940	1.0791812460476247
4941	1.0791812460476247
4942	1.0791812460476247
4943	1.0791812460476247
4944	1.0791812460476247
4945	1.0791812460476247
4946	1.0791812460476247
4947	1.0791812460476247
4948	1.0791812460476247
4949	1.0791812460476247
4950	1.0791812460476247
4951	1.0791812460476247
4952	1.0791812460476247
4953	1.0791812460476247
4954	1.0791812460476247
4955	5.932603120519249
4956	1.322219294733919
4957	1.462397997898956
4958	1.4771212547196624
4959	1.4313637641589871
4960	1.6127838567197355
4961	1.462397997898956
4962	1.462397997898956
4963	1.5682017240669948
4964	1.5185139398778873
4965	1.6901960800285134
4966	1.4771212547196624
4967	1.3617278360175928
4968	1.5314789170422551
4969	1.447158031342219
4970	1.6334684555795864
4971	1.6434526764861872
4972	1.414973347970818
4973	1.7403626894942439
4974	1.3617278360175928
4975	1.2552725051033058
4976	1.2787536009528289
4977	1.5314789170422551
4978	1.2304489213782739
4979	1.5185139398778873
4980	1.414973347970818
4981	1.0
4982	1.447158031342219
4983	1.0
4984	1.4771212547196624
4985	1.6627578316815739
4986	1.57978359661681
4987	1.0
4988	1.4313637641589871
4989	1.3979400086720375
4990	1.4771212547196624
4991	1.6334684555795864
4992	1.3979400086720375
4993	1.5314789170422551
4994	1.447158031342219
4995	1.4313637641589871
4996	1.3979400086720375
4997	1.380211241711606
4998	1.1461280356782377
4999	1.1461280356782377
5000	1.2041199826559246
5001	1.591064607026499
5002	1.591064607026499
5003	1.5682017240669948
5004	1.2552725051033058
5005	1.414973347970818
5006	1.4313637641589871
5007	1.5440680443502754
5008	1.322219294733919
5009	1.5682017240669948
5010	1.5185139398778873
5011	1.5314789170422551
5012	1.447158031342219
5013	1.2041199826559246
5014	1.447158031342219
5015	1.322219294733919
5016	1.462397997898956
5017	1.301029995663981
5018	1.5185139398778873
5019	1.6334684555795864
5020	1.4913616938342726
5021	1.2787536009528289
5022	1.5051499783199058
5023	1.3979400086720375
5024	1.2304489213782739
5025	1.301029995663981
5026	1.5314789170422551
5027	1.4771212547196624
5028	1.4771212547196624
5029	1.4771212547196624
5030	1.6334684555795864
5031	1.7403626894942439
5032	1.301029995663981
5033	1.3424226808222062
5034	1.462397997898956
5035	1.4913616938342726
5036	1.4771212547196624
5037	1.462397997898956
5038	1.2787536009528289
5039	1.0
5040	1.6020599913279623
5041	1.462397997898956
5042	1.4313637641589871
5043	1.5051499783199058
5044	1.5682017240669948
5045	1.414973347970818
5046	1.2787536009528289
5047	1.3617278360175928
5048	1.5185139398778873
5049	1.556302500767287
5050	1.462397997898956
5051	1.1139433523068367
5052	1.5185139398778873
5053	1.2787536009528289
5054	1.2787536009528289
5055	1.462397997898956
5056	0.47712125471966244
5057	0.47712125471966244
5058	4.871210872597103
5059	4.704184847062488
5060	0.8450980400142567
5061	2.1673173347481756
5062	4.704184847062488
5063	4.871210872597103
5064	0.7781512503836435
5065	1.1760912590556811
5066	1.0791812460476247
5067	1.0791812460476247
5068	1.0791812460476247
5069	1.0791812460476247
5070	1.0791812460476247
5071	1.0791812460476247
5072	1.0791812460476247
5073	1.0791812460476247
5074	1.0791812460476247
5075	1.0791812460476247
5076	1.0791812460476247
5077	1.0791812460476247
5078	0.47712125471966244
5079	0.30102999566398114
5080	5.932603120519249
5081	1.2552725051033058
5082	1.6720978579357173
5083	1.2041199826559246
5084	1.1760912590556811
5085	1.2041199826559246
5086	1.1461280356782377
5087	1.2041199826559246
5088	1.1760912590556811
5089	0.9542425094393249
5090	1.2304489213782739
5091	1.1760912590556811
5092	1.322219294733919
5093	5.932603120519249
5094	5.932603120519249
5095	0.30102999566398114
5096	5.932603120519249
5097	1.301029995663981
5098	0.47712125471966244
5099	0.7781512503836435
5100	1.4913616938342726
5101	1.462397997898956
5102	1.4913616938342726
5103	1.322219294733919
5104	1.3617278360175928
5105	1.1760912590556811
5106	1.5314789170422551
5107	1.3617278360175928
5108	1.447158031342219
5109	1.5314789170422551
5110	1.4313637641589871
5111	1.322219294733919
5112	1.5440680443502754
5113	1.447158031342219
5114	1.4313637641589871
5115	1.447158031342219
5116	1.5051499783199058
5117	1.0791812460476247
5118	1.0791812460476247
5119	1.0791812460476247
5120	1.0791812460476247
5121	1.0791812460476247
5122	1.0791812460476247
5123	1.0791812460476247
5124	1.0791812460476247
5125	1.0791812460476247
5126	1.0791812460476247
5127	1.0791812460476247
5128	1.0791812460476247
5129	1.0791812460476247
5130	1.0791812460476247
5131	1.0791812460476247
5132	1.0791812460476247
5133	1.0791812460476247
5134	4.871210872597103
5135	4.704184847062488
5136	0.7781512503836435
5137	0.47712125471966244
5138	1.322219294733919
5139	1.0791812460476247
5140	1.0791812460476247
5141	1.0791812460476247
5142	1.0791812460476247
5143	1.0791812460476247
5144	1.0791812460476247
5145	1.0791812460476247
5146	1.0791812460476247
5147	1.0791812460476247
5148	1.0791812460476247
5149	1.0791812460476247
5150	1.0791812460476247
5151	1.0791812460476247
5152	1.0791812460476247
5153	1.0791812460476247
5154	1.0791812460476247
5155	1.0791812460476247
5156	1.0791812460476247
5157	1.414973347970818
5158	1.3424226808222062
5159	1.2552725051033058
5160	1.0791812460476247
5161	1.4313637641589871
5162	1.2552725051033058
5163	1.1139433523068367
5164	1.2041199826559246
5165	1.301029995663981
5166	1.2041199826559246
5167	1.322219294733919
5168	1.1760912590556811
5169	1.1461280356782377
5170	1.041392685158225
5171	1.3979400086720375
5172	1.380211241711606
5173	1.3979400086720375
5174	1.322219294733919
5175	0.30102999566398114
5176	4.871210872597103
5177	4.704184847062488
5178	5.932603120519249
5179	5.932603120519249
5180	1.2304489213782739
5181	1.3617278360175928
5182	1.4313637641589871
5183	1.2041199826559246
5184	1.5185139398778873
5185	1.0791812460476247
5186	1.2304489213782739
5187	1.4771212547196624
5188	1.462397997898956
5189	1.2304489213782739
5190	1.4913616938342726
5191	1.301029995663981
5192	1.301029995663981
5193	1.3979400086720375
5194	1.0791812460476247
5195	0.47712125471966244
5196	1.0791812460476247
5197	1.2304489213782739
5198	1.3617278360175928
5199	1.5185139398778873
5200	1.301029995663981
5201	1.2304489213782739
5202	1.462397997898956
5203	1.301029995663981
5204	1.0791812460476247
5205	1.2304489213782739
5206	1.2041199826559246
5207	1.4313637641589871
5208	1.4913616938342726
5209	1.3979400086720375
5210	1.4771212547196624
5211	1.041392685158225
5212	0.6020599913279623
5213	4.871210872597103
5214	4.234441351266335
5215	0.6989700043360187
6194	1.5314789170422551
6195	0.8450980400142567
6196	2.919601023784111
6197	0.9030899869919434
6198	0.9030899869919434
6199	0.9542425094393249
6200	0.9542425094393249
6201	0.9542425094393249
6202	1.0791812460476247
6203	1.0791812460476247
6204	1.1139433523068367
6205	1.0791812460476247
6206	1.0791812460476247
6207	1.0791812460476247
6208	1.0791812460476247
6209	1.5185139398778873
6210	1.4313637641589871
6211	1.6334684555795864
6212	2.0043213737826426
6213	1.7403626894942439
6214	1.9822712330395682
6215	1.591064607026499
6216	1.7708520116421442
6217	1.3424226808222062
6218	1.5314789170422551
6219	1.1139433523068367
6220	1.4313637641589871
6221	4.932580295817208
6222	4.564772553929287
6223	2.7379873263334304
6224	1.0
6225	0.30102999566398114
6226	0.30102999566398114
6227	0.30102999566398114
6228	0.47712125471966244
6229	1.041392685158225
6230	1.4313637641589871
6231	1.4313637641589871
6232	1.0
6233	0.8450980400142567
6234	1.322219294733919
6235	0.9542425094393249
6236	1.1760912590556811
6237	1.0
6238	1.3424226808222062
6239	1.301029995663981
6240	1.0
6241	1.322219294733919
6242	0.30102999566398114
6243	0.9030899869919434
6244	0.9542425094393249
6245	0.9542425094393249
6246	0.9030899869919434
6247	0.9542425094393249
6248	1.1139433523068367
6249	2.728353782021228
6250	1.041392685158225
6251	1.2304489213782739
6252	0.9542425094393249
6253	1.7993405494535815
6254	0.30102999566398114
6255	0.30102999566398114
6256	0.30102999566398114
6257	1.322219294733919
6258	1.2041199826559246
6259	0.6020599913279623
6260	4.932580295817208
6261	2.876217840591642
6262	1.0791812460476247
6263	1.0791812460476247
6264	1.0791812460476247
6265	1.0791812460476247
6266	1.0791812460476247
6267	1.7993405494535815
6268	1.5185139398778873
6269	4.564772553929287
6270	0.6020599913279623
6271	1.9867717342662448
6272	1.4913616938342726
6273	1.7558748556724912
6274	1.5682017240669948
6275	1.7993405494535815
6276	2.836324115706751
6277	1.3424226808222062
6278	0.8450980400142567
6279	3.362105319293773
6280	0.9542425094393249
6281	3.482158695411276
6282	1.8129133566428552
6283	1.6532125137753435
6284	2.021189299069938
6285	2.1789769472931693
6286	1.3617278360175928
6287	1.851258348719075
6288	1.7708520116421442
6289	1.9590413923210932
6290	1.4913616938342726
6291	1.5440680443502754
6292	1.9777236052888476
6293	1.7708520116421442
6294	2.1789769472931693
6295	2.1958996524092336
6296	2.0374264979406234
6297	1.6720978579357173
6298	1.7075701760979363
6299	1.851258348719075
6300	1.7403626894942439
6301	1.9590413923210932
6302	1.9294189257142926
6303	1.7558748556724912
6304	1.2041199826559246
6305	1.322219294733919
6306	1.041392685158225
6307	0.30102999566398114
6308	0.8450980400142567
6309	0.8450980400142567
6310	0.8450980400142567
6311	1.414973347970818
6312	1.2041199826559246
6313	3.362105319293773
6314	1.041392685158225
6315	1.322219294733919
6316	4.932580295817208
6317	1.414973347970818
6318	1.0791812460476247
6319	1.0791812460476247
6320	1.0791812460476247
6321	1.0791812460476247
6322	1.0791812460476247
6323	1.0791812460476247
6324	1.0791812460476247
6325	1.0791812460476247
6326	1.0791812460476247
6327	1.0791812460476247
6328	1.0791812460476247
6329	1.0791812460476247
6330	1.0791812460476247
6331	1.0791812460476247
6332	1.0791812460476247
6333	1.0791812460476247
6334	1.0791812460476247
6335	1.0791812460476247
6336	1.0791812460476247
6337	1.0791812460476247
6338	1.0791812460476247
6339	1.0791812460476247
6340	2.107209969647868
6341	3.750199727829182
6342	3.4840149626675623
6343	1.5682017240669948
6344	1.57978359661681
6345	1.3979400086720375
6346	1.2304489213782739
6347	0.6020599913279623
6348	0.30102999566398114
6349	0.30102999566398114
6350	0.30102999566398114
6351	0.6020599913279623
6352	0.9030899869919434
6353	0.9030899869919434
6354	0.6020599913279623
6355	0.8450980400142567
6356	0.9030899869919434
6357	1.6812412373755872
6358	1.2304489213782739
6359	1.3979400086720375
6360	4.932580295817208
6361	4.564772553929287
6362	0.8450980400142567
6363	1.1139433523068367
6364	1.447158031342219
6365	1.0
6366	0.6020599913279623
6367	0.9030899869919434
6368	0.9542425094393249
6369	0.9542425094393249
6370	0.9542425094393249
6371	0.9542425094393249
6372	0.9030899869919434
6373	0.9030899869919434
6374	2.8208579894396997
6375	2.5263392773898437
6376	4.564772553929287
6377	3.1846914308175984
6378	1.0791812460476247
6379	1.0791812460476247
6380	1.0791812460476247
6381	0.8450980400142567
6382	1.1139433523068367
6383	0.9542425094393249
6384	0.9542425094393249
6385	1.5185139398778873
6386	0.9542425094393249
6387	1.2304489213782739
6388	0.8450980400142567
6389	2.661812685537261
6390	1.8808135922807911
6391	1.1139433523068367
6392	2.9201233262907236
6393	2.5263392773898437
6394	0.8450980400142567
6395	0.9542425094393249
6396	1.2304489213782739
6397	0.30102999566398114
6398	0.30102999566398114
6399	0.30102999566398114
6400	0.9030899869919434
6401	3.1846914308175984
6402	4.932580295817208
6403	0.30102999566398114
6404	0.8450980400142567
6405	0.47712125471966244
6406	1.0791812460476247
6407	0.6020599913279623
6408	1.2787536009528289
6409	1.1139433523068367
6410	1.322219294733919
6411	1.4913616938342726
6412	1.1139433523068367
6413	1.6127838567197355
6414	1.414973347970818
6415	1.3617278360175928
6416	1.414973347970818
6417	1.6232492903979003
6418	1.4313637641589871
6419	1.4771212547196624
6420	1.4313637641589871
6421	1.2787536009528289
6422	1.5440680443502754
6423	0.47712125471966244
6424	1.322219294733919
6425	1.3617278360175928
6426	1.2787536009528289
6427	1.6127838567197355
6428	1.4313637641589871
6429	1.1139433523068367
6430	1.414973347970818
6431	1.5440680443502754
6432	1.4913616938342726
6433	1.4771212547196624
6434	1.4313637641589871
6435	1.2787536009528289
6436	1.6232492903979003
6437	1.1139433523068367
6438	1.414973347970818
6439	4.234441351266335
6440	4.871210872597103
6441	5.932603120519249
6442	0.7781512503836435
6443	0.47712125471966244
6444	4.704184847062488
6445	4.871210872597103
6446	1.1139433523068367
6447	1.0791812460476247
6448	1.0791812460476247
6449	1.0791812460476247
6450	1.1139433523068367
6451	1.1139433523068367
6452	1.0791812460476247
6453	1.0791812460476247
6454	1.0791812460476247
6455	1.0791812460476247
6456	1.1139433523068367
6457	1.0791812460476247
6458	1.0791812460476247
6459	1.1139433523068367
6460	1.0791812460476247
6461	1.0791812460476247
6462	1.0791812460476247
6463	1.0791812460476247
6464	5.932603120519249
6465	1.380211241711606
6466	0.6020599913279623
6467	1.462397997898956
6468	1.2304489213782739
6469	1.7923916894982537
6470	1.9444826721501687
6471	1.6127838567197355
6472	1.4771212547196624
6473	1.4313637641589871
6474	1.6989700043360185
6475	1.9542425094393248
6476	1.57978359661681
6477	1.4913616938342726
6478	1.5682017240669948
6479	1.380211241711606
6480	1.322219294733919
6481	1.7708520116421442
6482	1.785329835010767
6483	1.7403626894942439
6484	0.9030899869919434
6485	1.0791812460476247
6486	1.0791812460476247
6487	1.1139433523068367
6488	1.0791812460476247
6489	1.0791812460476247
6490	1.1139433523068367
6491	1.1139433523068367
6492	1.0791812460476247
6493	1.0791812460476247
6494	1.1139433523068367
6495	1.0791812460476247
6496	1.0791812460476247
6497	1.8976270912904412
6498	1.5185139398778873
6499	1.9777236052888476
6500	1.462397997898956
6501	1.8750612633916997
6502	1.5051499783199058
6503	1.5185139398778873
6504	1.6020599913279623
6505	1.9444826721501687
6506	1.301029995663981
6507	1.1461280356782377
6508	1.6812412373755872
6509	5.932603120519249
6510	1.1760912590556811
6511	0.30102999566398114
6512	0.7781512503836435
6513	4.704184847062488
6514	4.871210872597103
6515	0.47712125471966244
6516	5.932603120519249
6517	1.1760912590556811
6518	5.932603120519249
6519	1.0791812460476247
6520	1.0791812460476247
6521	1.1139433523068367
6522	1.0791812460476247
6523	1.0791812460476247
6524	1.0791812460476247
6525	1.0791812460476247
6526	1.1139433523068367
6527	1.0791812460476247
6528	1.0791812460476247
6529	1.0791812460476247
6530	1.0791812460476247
6531	4.871210872597103
6532	4.704184847062488
6533	1.3424226808222062
6534	2.2405492482825995
6535	1.57978359661681
6536	1.8260748027008262
6537	1.447158031342219
6538	1.2552725051033058
6539	1.380211241711606
6540	1.7781512503836434
6541	1.591064607026499
6542	1.7075701760979363
6543	1.8061799739838869
6544	1.556302500767287
6545	0.30102999566398114
6546	5.932603120519249
6547	0.47712125471966244
6548	0.7781512503836435
6549	0.47712125471966244
6550	0.9030899869919434
6551	0.8450980400142567
6552	1.9294189257142926
6553	1.6334684555795864
6554	1.3979400086720375
6555	1.556302500767287
6556	1.414973347970818
6557	1.1760912590556811
6558	1.0
6559	1.447158031342219
6560	1.7708520116421442
6561	1.1760912590556811
6562	1.5682017240669948
6563	1.9242792860618814
6564	3.063708559391417
6565	1.462397997898956
6566	1.2041199826559246
6567	1.041392685158225
6568	4.234441351266335
6569	4.871210872597103
6570	1.9242792860618814
6571	1.6334684555795864
6572	1.3979400086720375
6573	1.1760912590556811
6574	1.7708520116421442
6575	1.556302500767287
6576	3.063708559391417
6577	1.414973347970818
6578	1.5682017240669948
6579	1.0
6580	1.2041199826559246
6581	1.447158031342219
6582	1.462397997898956
6583	1.1760912590556811
6584	1.9294189257142926
