1	3.7871526391343453
2	7.4197111536670155
3	7.4197111536670155
4	7.4197111536670155
5	7.4197111536670155
6	4.8610025831338515
7	7.4197111536670155
8	7.4197111536670155
9	7.4197111536670155
10	7.4197111536670155
11	7.4197111536670155
12	7.4197111536670155
13	7.4197111536670155
14	7.4197111536670155
15	7.4197111536670155
16	7.4197111536670155
17	7.4197111536670155
18	7.4197111536670155
19	7.4197111536670155
20	7.4197111536670155
21	7.4197111536670155
22	7.4197111536670155
23	7.4197111536670155
24	6.097491858933098
25	6.118681158003036
26	7.4197111536670155
27	7.4197111536670155
28	7.4197111536670155
29	7.4197111536670155
30	7.4197111536670155
31	7.4197111536670155
32	7.4197111536670155
33	7.4197111536670155
34	7.4197111536670155
35	7.4197111536670155
36	7.4197111536670155
37	7.4197111536670155
38	7.4197111536670155
39	7.4197111536670155
40	7.4197111536670155
41	4.733969415064752
42	6.817651162339054
43	4.566621623815151
44	7.4197111536670155
45	7.4197111536670155
46	4.601485260053061
47	6.465468644227691
48	4.892081252795678
49	4.062538895943983
50	5.186715043274862
51	7.4197111536670155
52	2.918761506412468
53	7.4197111536670155
54	7.4197111536670155
55	7.4197111536670155
56	2.8442000183141194
57	7.4197111536670155
58	7.4197111536670155
59	4.617621895785284
60	4.626619553490436
61	7.4197111536670155
62	7.4197111536670155
63	7.4197111536670155
64	4.127898466199897
65	5.957313155768061
66	7.4197111536670155
67	7.4197111536670155
68	7.4197111536670155
69	4.600825739073007
70	7.4197111536670155
71	6.942589898947355
72	7.4197111536670155
73	4.733969415064752
74	7.4197111536670155
75	7.4197111536670155
76	7.4197111536670155
77	7.4197111536670155
78	4.130568317734684
79	5.957313155768061
80	4.135506085965222
81	7.4197111536670155
82	2.974574184953713
83	7.4197111536670155
84	2.9991943224384
85	7.4197111536670155
86	7.4197111536670155
87	7.4197111536670155
88	3.6187879718537985
89	7.4197111536670155
90	6.942589898947355
91	7.4197111536670155
92	6.1409575527141875
93	6.1409575527141875
94	7.4197111536670155
95	6.817651162339054
96	6.817651162339054
97	3.994339987228076
98	4.03019068782064
99	6.077288472844811
100	6.057983317649423
101	7.4197111536670155
102	7.4197111536670155
103	5.663836297994525
104	5.648859142024873
105	6.516621166675073
106	6.720741149330998
107	6.465468644227691
108	6.5746131136527595
109	6.340529907619392
110	7.4197111536670155
111	7.4197111536670155
112	5.679348464172773
113	5.720741149330998
114	6.215591171011091
115	5.544649890275317
116	5.839927557050206
117	5.550479433936041
118	6.215591171011091
119	6.5746131136527595
120	6.378318468508792
121	7.4197111536670155
122	7.4197111536670155
123	6.097491858933098
124	4.584655051946901
125	6.077288472844811
126	4.701209464799743
127	4.790301554564298
128	4.946954704349804
129	7.4197111536670155
130	7.4197111536670155
131	6.720741149330998
132	6.942589898947355
133	7.4197111536670155
134	6.817651162339054
135	6.942589898947355
136	7.4197111536670155
137	7.4197111536670155
138	7.4197111536670155
139	6.641559903283373
140	3.427688125903166
141	3.433566688956496
142	7.4197111536670155
143	7.118681158003035
144	6.942589898947355
145	6.419711153667017
146	6.942589898947355
147	5.620370604213434
148	6.378318468508792
149	4.056851850708337
150	7.4197111536670155
151	5.73846991629143
152	4.418843432135789
153	4.400179469135762
154	6.817651162339054
155	6.5746131136527595
156	6.942589898947355
157	6.817651162339054
158	4.460192776694019
159	7.118681158003035
160	7.4197111536670155
161	7.4197111536670155
162	7.118681158003035
163	7.4197111536670155
164	7.4197111536670155
165	6.942589898947355
166	6.215591171011091
167	6.215591171011091
168	7.4197111536670155
169	7.4197111536670155
170	4.2871313060072795
171	7.4197111536670155
172	4.1982969158246775
173	7.4197111536670155
174	2.9018952777646407
175	4.7842274068521045
176	4.621751509929821
177	7.118681158003035
178	7.118681158003035
179	7.4197111536670155
180	7.4197111536670155
181	7.4197111536670155
182	7.4197111536670155
183	7.4197111536670155
184	7.4197111536670155
185	6.30576780136018
186	7.4197111536670155
187	7.4197111536670155
188	6.942589898947355
189	7.4197111536670155
190	7.4197111536670155
191	7.4197111536670155
192	7.4197111536670155
193	7.4197111536670155
194	3.0280352004297204
195	4.841071943698944
196	5.116515096246528
197	7.4197111536670155
198	5.480191901048398
199	5.587202240960781
200	7.4197111536670155
201	7.4197111536670155
202	6.817651162339054
203	5.901197213789129
204	7.4197111536670155
205	7.4197111536670155
206	6.720741149330998
207	7.4197111536670155
208	5.059875671327129
209	5.065602714519616
210	6.1409575527141875
211	7.4197111536670155
212	2.9018952777646407
213	4.333351322992268
214	7.4197111536670155
215	7.118681158003035
216	7.4197111536670155
217	7.4197111536670155
218	3.6053969534595574
219	7.4197111536670155
220	5.309121443367768
221	6.942589898947355
222	7.4197111536670155
223	6.516621166675073
224	7.4197111536670155
225	7.4197111536670155
226	7.118681158003035
227	7.4197111536670155
228	7.4197111536670155
229	7.4197111536670155
230	6.942589898947355
231	4.9819605908466285
232	7.118681158003035
233	7.118681158003035
234	7.4197111536670155
235	6.465468644227691
236	6.817651162339054
237	6.942589898947355
238	6.720741149330998
239	7.4197111536670155
240	7.4197111536670155
241	7.4197111536670155
242	7.4197111536670155
243	7.118681158003035
244	5.196994682519434
245	7.4197111536670155
246	3.4430861016162893
247	3.9265320329845013
248	6.942589898947355
249	3.5351989944766227
250	4.600167218125148
251	3.54930724838799
252	4.57897791905521
253	7.4197111536670155
254	7.4197111536670155
255	5.634381318656249
256	4.087474738175573
257	5.57461311365276
258	5.57461311365276
259	7.4197111536670155
260	7.4197111536670155
261	5.26742280928396
262	5.580862062929762
263	4.022466572656631
264	7.4197111536670155
265	7.4197111536670155
266	5.406873928961844
267	5.505897301283301
268	5.562378657235747
269	5.446583300067318
270	6.641559903283373
271	6.641559903283373
272	6.516621166675073
273	6.641559903283373
274	4.369718296746874
275	7.4197111536670155
276	4.76940363053508
277	3.7540363726731236
278	4.2444893533239645
279	4.288092489317891
280	7.4197111536670155
281	6.465468644227691
282	6.516621166675073
283	6.465468644227691
284	7.4197111536670155
285	6.057983317649423
286	6.004737805696199
287	7.4197111536670155
288	5.020037432185979
289	4.56906491848395
290	4.5727558286471925
291	7.4197111536670155
292	7.4197111536670155
293	7.4197111536670155
294	4.403095606109839
295	4.7782370431629175
296	3.2888629705641583
297	3.7694036305350807
298	5.014877437047079
299	3.79081158924641
300	4.3207215142658395
301	4.313180299844635
302	7.4197111536670155
303	4.669974838097956
304	4.629425989633775
305	6.817651162339054
306	7.4197111536670155
307	7.118681158003035
308	7.118681158003035
309	6.419711153667017
310	6.720741149330998
311	6.817651162339054
312	7.4197111536670155
313	7.4197111536670155
314	6.057983317649423
315	7.4197111536670155
316	7.4197111536670155
317	7.4197111536670155
318	7.4197111536670155
319	5.863408652899729
320	6.039499911955411
321	7.4197111536670155
322	7.4197111536670155
323	7.4197111536670155
324	5.065602714519616
325	7.4197111536670155
326	7.4197111536670155
327	7.4197111536670155
328	7.4197111536670155
329	7.4197111536670155
330	7.4197111536670155
331	7.4197111536670155
332	7.4197111536670155
333	7.4197111536670155
334	7.4197111536670155
335	7.4197111536670155
336	7.4197111536670155
337	7.4197111536670155
338	6.057983317649423
339	5.720741149330998
340	6.942589898947355
341	5.766498639891673
342	7.4197111536670155
343	7.4197111536670155
344	6.30576780136018
345	7.118681158003035
346	5.4902922279527235
347	5.888232236624761
348	6.419711153667017
349	4.379504526092306
350	4.189262232288743
351	4.356753319582507
352	4.259542860708504
353	4.05704022394135
354	5.9883473895080295
355	5.928349459832743
356	7.4197111536670155
357	6.5746131136527595
358	6.5746131136527595
359	7.4197111536670155
360	7.4197111536670155
361	7.4197111536670155
362	7.4197111536670155
363	4.455451523470168
364	7.4197111536670155
365	7.4197111536670155
366	7.118681158003035
367	7.4197111536670155
368	6.942589898947355
369	6.5746131136527595
370	6.5746131136527595
371	4.417113172947108
372	4.409835519954856
373	7.4197111536670155
374	7.4197111536670155
375	6.817651162339054
376	7.4197111536670155
377	6.720741149330998
378	6.465468644227691
379	6.942589898947355
380	5.942589898947354
381	5.875643109316742
382	7.4197111536670155
383	4.929752674242183
384	3.8688715486012315
385	6.419711153667017
386	7.4197111536670155
387	7.118681158003035
388	7.4197111536670155
389	6.817651162339054
390	2.8359344610320885
391	5.695435284066227
392	5.6562831601040795
393	6.942589898947355
394	6.057983317649423
395	6.641559903283373
396	5.806927296947282
397	7.4197111536670155
398	7.4197111536670155
399	7.4197111536670155
400	7.4197111536670155
401	6.942589898947355
402	4.929752674242183
403	5.671523126660816
404	7.4197111536670155
405	7.4197111536670155
406	5.687317393844048
407	6.516621166675073
408	6.378318468508792
409	6.118681158003036
410	6.021771144994979
411	7.4197111536670155
412	6.942589898947355
413	7.118681158003035
414	6.942589898947355
415	7.118681158003035
416	6.243619894611335
417	6.243619894611335
418	6.5746131136527595
419	6.516621166675073
420	6.243619894611335
421	6.30576780136018
422	5.500633061290943
423	6.942589898947355
424	6.5746131136527595
425	6.16443864856371
426	6.942589898947355
427	4.4563956422809055
428	4.44290281632895
429	7.4197111536670155
430	7.4197111536670155
431	7.4197111536670155
432	7.118681158003035
433	5.6562831601040795
434	7.4197111536670155
435	7.4197111536670155
436	5.7964618632691165
437	4.739375640252454
438	6.097491858933098
439	6.097491858933098
440	5.806927296947282
441	6.419711153667017
442	7.118681158003035
443	6.1409575527141875
444	6.516621166675073
445	6.1409575527141875
446	7.4197111536670155
447	7.4197111536670155
448	5.6415599032833725
449	6.077288472844811
450	7.4197111536670155
451	6.340529907619392
452	7.4197111536670155
453	6.039499911955411
454	6.30576780136018
455	4.36509809911013
456	4.449364277436923
457	4.7138474413830975
458	4.738469916291429
459	4.417545091910509
460	4.344529299048325
461	6.942589898947355
462	7.118681158003035
463	7.118681158003035
464	7.4197111536670155
465	7.4197111536670155
466	7.4197111536670155
467	7.4197111536670155
468	7.118681158003035
469	6.817651162339054
470	7.118681158003035
471	7.118681158003035
472	7.4197111536670155
473	7.4197111536670155
474	7.4197111536670155
475	7.4197111536670155
476	7.4197111536670155
477	7.118681158003035
478	6.641559903283373
479	7.4197111536670155
480	6.465468644227691
481	7.4197111536670155
482	7.4197111536670155
483	7.4197111536670155
484	7.4197111536670155
485	7.4197111536670155
486	7.4197111536670155
487	4.558176742807979
488	4.5758557310438555
489	7.4197111536670155
490	7.4197111536670155
491	7.4197111536670155
492	7.118681158003035
493	7.4197111536670155
494	7.4197111536670155
495	6.942589898947355
496	7.118681158003035
497	7.118681158003035
498	5.12085807725731
499	4.903837309955338
500	7.4197111536670155
501	7.4197111536670155
502	6.419711153667017
503	6.378318468508792
504	6.942589898947355
505	7.4197111536670155
506	7.4197111536670155
507	7.4197111536670155
508	5.344164192274486
509	7.4197111536670155
510	4.890794453389361
511	5.1432493494937725
512	7.4197111536670155
513	5.568452804947941
514	7.4197111536670155
515	5.4902922279527235
516	7.118681158003035
517	5.0523552326409975
518	7.4197111536670155
519	5.204867305619319
520	7.118681158003035
521	5.428485077974521
522	5.580862062929762
523	5.470321147022104
524	5.606797797024161
525	7.118681158003035
526	3.5048921732195435
527	7.4197111536670155
528	7.4197111536670155
529	3.9067600736945263
530	5.839927557050206
531	6.16443864856371
532	6.057983317649423
533	6.378318468508792
534	4.31762062815518
535	6.340529907619392
536	6.340529907619392
537	7.4197111536670155
538	7.4197111536670155
539	4.282357042296284
540	4.504839336126966
541	7.4197111536670155
542	7.4197111536670155
543	7.4197111536670155
544	7.4197111536670155
545	7.4197111536670155
546	7.4197111536670155
547	7.4197111536670155
548	7.4197111536670155
549	7.4197111536670155
550	7.4197111536670155
551	3.6255020373205205
552	7.118681158003035
553	5.460669761345923
554	3.998271763446967
555	6.273583117988778
556	6.1409575527141875
557	7.4197111536670155
558	7.4197111536670155
559	7.4197111536670155
560	6.817651162339054
561	6.189262232288742
562	6.817651162339054
563	7.4197111536670155
564	7.4197111536670155
565	7.4197111536670155
566	7.118681158003035
567	7.118681158003035
568	5.888232236624761
569	5.73846991629143
570	7.118681158003035
571	7.118681158003035
572	7.4197111536670155
573	7.4197111536670155
574	5.125244927505423
575	7.4197111536670155
576	7.118681158003035
577	7.118681158003035
578	7.4197111536670155
579	7.118681158003035
580	7.118681158003035
581	7.4197111536670155
582	7.118681158003035
583	5.91456117534711
584	7.118681158003035
585	7.118681158003035
586	7.4197111536670155
587	7.4197111536670155
588	7.4197111536670155
589	7.4197111536670155
590	3.5493657825860567
591	7.4197111536670155
592	7.4197111536670155
593	7.4197111536670155
594	5.957313155768061
595	7.4197111536670155
596	6.189262232288742
597	7.4197111536670155
598	7.4197111536670155
599	7.118681158003035
600	6.243619894611335
601	7.4197111536670155
602	5.613531179683129
603	5.828646546640517
604	7.4197111536670155
605	6.189262232288742
606	5.620370604213434
607	5.613531179683129
608	7.4197111536670155
609	7.4197111536670155
610	4.539469377771536
611	3.6014192628670205
612	4.386689708984107
613	7.4197111536670155
614	7.4197111536670155
615	4.941144658073173
616	7.4197111536670155
617	5.014877437047079
618	5.270492041011637
619	7.4197111536670155
620	7.4197111536670155
621	7.4197111536670155
622	7.4197111536670155
623	7.4197111536670155
624	7.4197111536670155
625	7.4197111536670155
626	6.817651162339054
627	7.4197111536670155
628	7.4197111536670155
629	7.4197111536670155
630	4.858609770017961
631	4.991576359638228
632	7.4197111536670155
633	3.6961733921349595
634	4.551654791843975
635	7.4197111536670155
636	7.4197111536670155
637	5.7295150736385025
638	7.4197111536670155
639	7.4197111536670155
640	7.4197111536670155
641	6.641559903283373
642	6.641559903283373
643	6.942589898947355
644	7.4197111536670155
645	6.720741149330998
646	7.4197111536670155
647	7.118681158003035
648	7.4197111536670155
649	4.837647790755308
650	4.893371876277173
651	6.30576780136018
652	6.340529907619392
653	6.1409575527141875
654	7.4197111536670155
655	6.817651162339054
656	6.641559903283373
657	6.16443864856371
658	6.720741149330998
659	7.118681158003035
660	6.516621166675073
661	6.5746131136527595
662	6.641559903283373
663	6.720741149330998
664	6.16443864856371
665	6.16443864856371
666	6.5746131136527595
667	7.118681158003035
668	6.720741149330998
669	6.378318468508792
670	6.5746131136527595
671	6.720741149330998
672	6.5746131136527595
673	6.641559903283373
674	6.5746131136527595
675	6.817651162339054
676	6.5746131136527595
677	6.243619894611335
678	6.378318468508792
679	6.243619894611335
680	6.465468644227691
681	6.720741149330998
682	6.516621166675073
683	6.641559903283373
684	6.942589898947355
685	6.340529907619392
686	6.720741149330998
687	6.189262232288742
688	7.118681158003035
689	6.817651162339054
690	6.817651162339054
691	4.073358179216378
692	6.942589898947355
693	7.118681158003035
694	7.4197111536670155
695	7.4197111536670155
696	7.118681158003035
697	7.118681158003035
698	6.118681158003036
699	6.942589898947355
700	7.4197111536670155
701	7.4197111536670155
702	6.817651162339054
703	5.085257402516086
704	7.4197111536670155
705	6.942589898947355
706	4.542916177466316
707	5.28937738517201
708	4.124584068414825
709	7.4197111536670155
710	7.4197111536670155
711	7.118681158003035
712	7.4197111536670155
713	7.4197111536670155
714	7.118681158003035
715	7.118681158003035
716	7.4197111536670155
717	7.118681158003035
718	7.4197111536670155
719	7.118681158003035
720	4.455451523470168
721	4.680138809216925
722	4.889511455463935
723	4.7485383109519335
724	7.4197111536670155
725	7.4197111536670155
726	7.4197111536670155
727	7.4197111536670155
728	7.118681158003035
729	7.4197111536670155
730	6.641559903283373
731	6.817651162339054
732	7.4197111536670155
733	6.942589898947355
734	7.4197111536670155
735	7.4197111536670155
736	7.4197111536670155
737	7.4197111536670155
738	7.118681158003035
739	6.30576780136018
740	6.1409575527141875
741	6.1409575527141875
742	2.846201352259988
743	2.375948173342908
744	7.4197111536670155
745	6.942589898947355
746	6.942589898947355
747	4.116299083070275
748	4.0872726937514114
749	7.4197111536670155
750	7.4197111536670155
751	7.4197111536670155
752	2.856550567679315
753	2.8359344610320885
754	5.817651162339055
755	5.817651162339055
756	5.9883473895080295
757	6.004737805696199
758	7.4197111536670155
759	6.039499911955411
760	7.4197111536670155
761	7.4197111536670155
762	5.671523126660816
763	6.097491858933098
764	5.851509429600022
765	5.839927557050206
766	5.720741149330998
767	6.189262232288742
768	7.4197111536670155
769	7.4197111536670155
770	6.641559903283373
771	6.465468644227691
772	6.30576780136018
773	6.30576780136018
774	6.817651162339054
775	6.30576780136018
776	6.516621166675073
777	7.4197111536670155
778	6.5746131136527595
779	7.118681158003035
780	7.4197111536670155
781	7.4197111536670155
782	7.4197111536670155
783	7.4197111536670155
784	7.4197111536670155
785	7.4197111536670155
786	7.4197111536670155
787	7.4197111536670155
788	7.118681158003035
789	7.4197111536670155
790	7.4197111536670155
791	5.863408652899729
792	6.039499911955411
793	7.4197111536670155
794	7.118681158003035
795	7.4197111536670155
796	4.7782370431629175
797	6.340529907619392
798	7.4197111536670155
799	7.4197111536670155
800	6.465468644227691
801	7.4197111536670155
802	7.4197111536670155
803	7.4197111536670155
804	7.4197111536670155
805	7.4197111536670155
806	7.4197111536670155
807	7.4197111536670155
808	7.4197111536670155
809	7.4197111536670155
810	7.4197111536670155
811	7.118681158003035
812	5.720741149330998
813	6.942589898947355
814	5.766498639891673
815	7.4197111536670155
816	5.671523126660816
817	5.703707810032218
818	5.31590743271106
819	5.043134196610505
820	6.641559903283373
821	6.720741149330998
822	4.944039965342587
823	3.9449123348663857
824	5.31590743271106
825	5.079267038826898
826	2.846201352259988
827	2.375948173342908
828	6.942589898947355
829	7.4197111536670155
830	7.4197111536670155
831	7.4197111536670155
832	7.4197111536670155
833	7.118681158003035
834	7.4197111536670155
835	7.4197111536670155
836	7.4197111536670155
837	7.4197111536670155
838	7.4197111536670155
839	4.353385228304979
840	4.294881004253157
841	6.942589898947355
842	4.046063681457799
843	4.072185993668327
844	7.4197111536670155
845	7.4197111536670155
846	7.118681158003035
847	7.4197111536670155
848	6.942589898947355
849	7.4197111536670155
850	7.118681158003035
851	6.817651162339054
852	6.942589898947355
853	5.679348464172773
854	5.679348464172773
855	7.118681158003035
856	6.817651162339054
857	7.4197111536670155
858	7.4197111536670155
859	7.118681158003035
860	5.001409862347272
861	5.056099173774872
862	7.118681158003035
863	7.4197111536670155
864	6.641559903283373
865	7.118681158003035
866	7.4197111536670155
867	6.5746131136527595
868	4.684112253968837
869	3.9352689460246095
870	5.863408652899729
871	5.91456117534711
872	7.4197111536670155
873	7.4197111536670155
874	7.4197111536670155
875	3.8147295240595853
876	5.415389779884373
877	3.427688125903166
878	4.7782370431629175
879	4.779229716696595
880	3.433566688956496
881	5.9883473895080295
882	6.817651162339054
883	6.419711153667017
884	6.273583117988778
885	6.340529907619392
886	7.4197111536670155
887	4.787253861482292
888	5.6562831601040795
889	7.118681158003035
890	4.475722278593245
891	4.490292227952724
892	7.4197111536670155
893	7.4197111536670155
894	7.4197111536670155
895	7.118681158003035
896	4.793370786291975
897	7.118681158003035
898	6.942589898947355
899	7.118681158003035
900	6.942589898947355
901	7.4197111536670155
902	7.4197111536670155
903	7.4197111536670155
904	5.766498639891673
905	5.828646546640517
906	5.5563882935465605
907	4.150665444009394
908	6.340529907619392
909	6.243619894611335
910	6.243619894611335
911	6.340529907619392
912	6.720741149330998
913	6.516621166675073
914	6.516621166675073
915	6.942589898947355
916	6.378318468508792
917	6.942589898947355
918	6.419711153667017
919	7.4197111536670155
920	5.828646546640517
921	6.16443864856371
922	6.243619894611335
923	6.378318468508792
924	6.340529907619392
925	6.942589898947355
926	6.189262232288742
927	6.817651162339054
928	4.061966828486641
929	4.439253261390917
930	4.432044888740742
931	7.4197111536670155
932	6.419711153667017
933	7.4197111536670155
934	2.8359344610320885
935	2.856550567679315
936	4.408563792891219
937	4.363950688979282
938	7.4197111536670155
939	7.4197111536670155
940	7.4197111536670155
941	7.4197111536670155
942	7.4197111536670155
943	7.4197111536670155
944	7.4197111536670155
945	6.039499911955411
946	6.641559903283373
947	6.5746131136527595
948	6.378318468508792
949	6.5746131136527595
950	7.4197111536670155
951	7.4197111536670155
952	7.4197111536670155
953	6.340529907619392
954	6.378318468508792
955	6.004737805696199
956	6.641559903283373
957	7.4197111536670155
958	6.5746131136527595
959	6.039499911955411
960	6.641559903283373
961	6.516621166675073
962	6.419711153667017
963	6.378318468508792
964	7.4197111536670155
965	6.097491858933098
966	6.30576780136018
967	6.273583117988778
968	7.4197111536670155
969	7.4197111536670155
970	6.215591171011091
971	6.215591171011091
972	5.030545069302485
973	5.061776306666563
974	5.942589898947354
975	5.957313155768061
976	7.4197111536670155
977	7.4197111536670155
978	5.164438648563711
979	5.159639765681942
980	5.1409575527141875
981	6.16443864856371
982	6.189262232288742
983	6.118681158003036
984	6.077288472844811
985	7.4197111536670155
986	6.720741149330998
987	7.118681158003035
988	7.4197111536670155
989	7.118681158003035
990	6.273583117988778
991	6.021771144994979
992	5.91456117534711
993	5.720741149330998
994	5.7295150736385025
995	5.7295150736385025
996	6.021771144994979
997	5.928349459832743
998	5.756953321985443
999	6.273583117988778
1000	7.118681158003035
1001	5.362806302330545
1002	5.91456117534711
1003	7.4197111536670155
1004	6.5746131136527595
1005	6.16443864856371
1006	6.817651162339054
1007	6.378318468508792
1008	3.250360063174599
1009	2.375948173342908
1010	7.4197111536670155
1011	7.4197111536670155
1012	7.4197111536670155
1013	5.687317393844048
1014	5.587202240960781
1015	7.4197111536670155
1016	7.4197111536670155
1017	7.4197111536670155
1018	7.4197111536670155
1019	7.118681158003035
1020	6.942589898947355
1021	7.4197111536670155
1022	7.4197111536670155
1023	7.4197111536670155
1024	5.181665050538221
1025	6.378318468508792
1026	7.4197111536670155
1027	7.4197111536670155
1028	7.4197111536670155
1029	7.4197111536670155
1030	6.5746131136527595
1031	6.641559903283373
1032	5.522084062376575
1033	7.4197111536670155
1034	6.378318468508792
1035	6.419711153667017
1036	6.077288472844811
1037	5.828646546640517
1038	7.4197111536670155
1039	3.4757716891948003
1040	7.118681158003035
1041	3.73585394826667
1042	7.118681158003035
1043	3.722394611934633
1044	7.4197111536670155
1045	7.4197111536670155
1046	4.131238353067235
1047	7.118681158003035
1048	6.942589898947355
1049	6.118681158003036
1050	6.30576780136018
1051	5.663836297994525
1052	7.4197111536670155
1053	4.056663559145923
1054	7.4197111536670155
1055	7.4197111536670155
1056	7.4197111536670155
1057	4.994829517035949
1058	4.933989727185437
1059	6.942589898947355
1060	6.817651162339054
1061	6.817651162339054
1062	6.942589898947355
1063	7.4197111536670155
1064	6.720741149330998
1065	6.720741149330998
1066	6.720741149330998
1067	6.720741149330998
1068	5.04679915069691
1069	5.034104880068704
1070	7.4197111536670155
1071	7.4197111536670155
1072	5.875643109316742
1073	6.1409575527141875
1074	7.118681158003035
1075	7.118681158003035
1076	6.942589898947355
1077	6.942589898947355
1078	7.4197111536670155
1079	5.411110981905099
1080	6.817651162339054
1081	6.641559903283373
1082	6.419711153667017
1083	6.465468644227691
1084	6.273583117988778
1085	6.720741149330998
1086	5.428485077974521
1087	6.817651162339054
1088	5.634381318656249
1089	6.817651162339054
1090	6.465468644227691
1091	6.817651162339054
1092	5.344164192274486
1093	7.4197111536670155
1094	6.5746131136527595
1095	6.30576780136018
1096	6.720741149330998
1097	6.720741149330998
1098	6.340529907619392
1099	6.5746131136527595
1100	6.5746131136527595
1101	5.522084062376575
1102	4.5647981313591615
1103	4.642284331277705
1104	5.505897301283301
1105	7.4197111536670155
1106	7.4197111536670155
1107	4.8682611556941415
1108	4.202753946305919
1109	6.419711153667017
1110	5.286172245296799
1111	5.333351322992269
1112	7.118681158003035
1113	7.4197111536670155
1114	6.5746131136527595
1115	6.5746131136527595
1116	7.4197111536670155
1117	7.4197111536670155
1118	4.749465300592893
1119	4.899883159891298
1120	7.4197111536670155
1121	4.282357042296284
1122	7.118681158003035
1123	4.757898468129756
1124	7.4197111536670155
1125	7.4197111536670155
1126	7.4197111536670155
1127	7.4197111536670155
1128	7.4197111536670155
1129	7.4197111536670155
1130	7.4197111536670155
1131	7.4197111536670155
1132	7.4197111536670155
1133	7.4197111536670155
1134	7.4197111536670155
1135	7.4197111536670155
1136	7.4197111536670155
1137	7.4197111536670155
1138	7.4197111536670155
1139	7.4197111536670155
1140	7.4197111536670155
1141	6.077288472844811
1142	7.4197111536670155
1143	5.292606355302209
1144	7.4197111536670155
1145	7.4197111536670155
1146	7.4197111536670155
1147	6.378318468508792
1148	7.4197111536670155
1149	7.4197111536670155
1150	7.118681158003035
1151	5.522084062376575
1152	7.4197111536670155
1153	7.4197111536670155
1154	7.4197111536670155
1155	5.386287398180067
1156	4.536617795091327
1157	5.355253164440098
1158	4.623831136322941
1159	5.57461311365276
1160	5.817651162339055
1161	5.671523126660816
1162	7.118681158003035
1163	7.118681158003035
1164	7.118681158003035
1165	7.4197111536670155
1166	3.433746075362146
1167	7.4197111536670155
1168	5.378318468508792
1169	7.118681158003035
1170	7.4197111536670155
1171	7.4197111536670155
1172	4.455451523470168
1173	4.97566635774894
1174	7.4197111536670155
1175	7.4197111536670155
1176	5.562378657235747
1177	4.804813937633882
1178	5.839927557050206
1179	3.643227897833335
1180	5.533220428494535
1181	7.4197111536670155
1182	7.4197111536670155
1183	5.394405288402246
1184	4.058172182397738
1185	5.470321147022104
1186	7.4197111536670155
1187	7.118681158003035
1188	7.4197111536670155
1189	4.428928461863879
1190	4.377135641226826
1191	6.817651162339054
1192	6.817651162339054
1193	6.942589898947355
1194	6.942589898947355
1195	7.4197111536670155
1196	6.720741149330998
1197	6.720741149330998
1198	7.4197111536670155
1199	7.4197111536670155
1200	6.942589898947355
1201	5.196994682519434
1202	6.30576780136018
1203	7.4197111536670155
1204	6.942589898947355
1205	7.4197111536670155
1206	5.194401871941154
1207	6.243619894611335
1208	7.118681158003035
1209	7.118681158003035
1210	7.4197111536670155
1211	7.4197111536670155
1212	7.118681158003035
1213	7.4197111536670155
1214	7.4197111536670155
1215	6.942589898947355
1216	6.942589898947355
1217	7.118681158003035
1218	4.490803463423064
1219	7.118681158003035
1220	4.368944842433975
1221	4.676986022362318
1222	7.4197111536670155
1223	4.450295241313035
1224	7.4197111536670155
1225	4.960318665907786
1226	7.4197111536670155
1227	4.858609770017961
1228	7.4197111536670155
1229	7.4197111536670155
1230	7.4197111536670155
1231	5.402677814368237
1232	5.465468644227692
1233	5.470321147022104
1234	5.5166211666750735
1235	4.408563792891219
1236	4.363950688979282
1237	4.738469916291429
1238	4.7138474413830975
1239	7.4197111536670155
1240	7.4197111536670155
1241	6.942589898947355
1242	7.4197111536670155
1243	7.4197111536670155
1244	7.4197111536670155
1245	7.118681158003035
1246	7.4197111536670155
1247	7.4197111536670155
1248	7.4197111536670155
1249	5.91456117534711
1250	5.817651162339055
1251	4.217222836606923
1252	4.341254335613724
1253	7.4197111536670155
1254	7.4197111536670155
1255	7.4197111536670155
1256	7.4197111536670155
1257	4.841071943698944
1258	4.589764457725381
1259	4.51989065123992
1260	4.61693742837504
1261	6.942589898947355
1262	7.4197111536670155
1263	7.4197111536670155
1264	7.4197111536670155
1265	7.118681158003035
1266	4.421451815243318
1267	4.416681683113398
1268	7.4197111536670155
1269	7.4197111536670155
1270	7.118681158003035
1271	6.942589898947355
1272	7.4197111536670155
1273	7.4197111536670155
1274	7.4197111536670155
1275	6.720741149330998
1276	7.4197111536670155
1277	7.118681158003035
1278	7.118681158003035
1279	7.118681158003035
1280	7.4197111536670155
1281	7.4197111536670155
1282	6.641559903283373
1283	7.4197111536670155
1284	7.118681158003035
1285	6.942589898947355
1286	7.4197111536670155
1287	7.4197111536670155
1288	7.4197111536670155
1289	7.4197111536670155
1290	6.378318468508792
1291	5.720741149330998
1292	4.377135641226826
1293	4.582122715431505
1294	5.32280114065896
1295	5.3125011840191485
1296	5.942589898947354
1297	5.942589898947354
1298	7.4197111536670155
1299	6.465468644227691
1300	6.465468644227691
1301	7.4197111536670155
1302	6.215591171011091
1303	6.516621166675073
1304	7.4197111536670155
1305	5.828646546640517
1306	6.16443864856371
1307	5.901197213789129
1308	6.057983317649423
1309	6.118681158003036
1310	5.067528635555654
1311	5.0270142004073515
1312	6.1409575527141875
1313	5.828646546640517
1314	6.641559903283373
1315	7.4197111536670155
1316	6.243619894611335
1317	5.7964618632691165
1318	6.817651162339054
1319	6.378318468508792
1320	5.465468644227692
1321	4.368944842433975
1322	5.24944943827206
1323	5.511226134788367
1324	5.237867565722244
1325	5.511226134788367
1326	7.4197111536670155
1327	7.4197111536670155
1328	7.4197111536670155
1329	6.817651162339054
1330	6.817651162339054
1331	6.720741149330998
1332	5.972553122324797
1333	7.4197111536670155
1334	7.4197111536670155
1335	6.004737805696199
1336	6.243619894611335
1337	6.817651162339054
1338	6.817651162339054
1339	7.4197111536670155
1340	7.4197111536670155
1341	6.720741149330998
1342	7.118681158003035
1343	6.273583117988778
1344	7.4197111536670155
1345	6.641559903283373
1346	5.9883473895080295
1347	6.273583117988778
1348	6.720741149330998
1349	6.215591171011091
1350	6.817651162339054
1351	6.378318468508792
1352	6.021771144994979
1353	7.4197111536670155
1354	6.5746131136527595
1355	6.465468644227691
1356	7.118681158003035
1357	6.077288472844811
1358	6.817651162339054
1359	6.5746131136527595
1360	7.118681158003035
1361	6.465468644227691
1362	6.021771144994979
1363	7.4197111536670155
1364	6.817651162339054
1365	6.817651162339054
1366	5.9883473895080295
1367	6.021771144994979
1368	6.419711153667017
1369	6.30576780136018
1370	7.118681158003035
1371	7.4197111536670155
1372	6.16443864856371
1373	6.817651162339054
1374	7.118681158003035
1375	6.942589898947355
1376	7.4197111536670155
1377	7.4197111536670155
1378	7.4197111536670155
1379	6.942589898947355
1380	7.118681158003035
1381	7.4197111536670155
1382	5.580862062929762
1383	5.587202240960781
1384	6.1409575527141875
1385	6.340529907619392
1386	6.720741149330998
1387	6.378318468508792
1388	7.4197111536670155
1389	4.971004833761937
1390	5.5166211666750735
1391	7.4197111536670155
1392	5.12745508231054
1393	5.355253164440098
1394	4.8365123796983935
1395	7.4197111536670155
1396	5.942589898947354
1397	7.4197111536670155
1398	5.901197213789129
1399	7.4197111536670155
1400	4.859804528630904
1401	7.118681158003035
1402	5.390327375981807
1403	7.118681158003035
1404	5.428485077974521
1405	6.243619894611335
1406	7.4197111536670155
1407	6.942589898947355
1408	7.4197111536670155
1409	7.118681158003035
1410	7.4197111536670155
1411	7.4197111536670155
1412	7.4197111536670155
1413	7.4197111536670155
1414	7.4197111536670155
1415	7.118681158003035
1416	6.942589898947355
1417	7.118681158003035
1418	6.817651162339054
1419	7.4197111536670155
1420	6.942589898947355
1421	7.4197111536670155
1422	7.118681158003035
1423	7.4197111536670155
1424	7.4197111536670155
1425	7.4197111536670155
1426	6.273583117988778
1427	6.942589898947355
1428	7.4197111536670155
1429	7.4197111536670155
1430	7.4197111536670155
1431	5.73846991629143
1432	5.663836297994525
1433	7.4197111536670155
1434	6.5746131136527595
1435	7.4197111536670155
1436	7.4197111536670155
1437	7.118681158003035
1438	5.226586555312554
1439	7.4197111536670155
1440	6.942589898947355
1441	5.12745508231054
1442	5.0872726937514114
1443	6.942589898947355
1444	7.4197111536670155
1445	6.30576780136018
1446	6.30576780136018
1447	6.378318468508792
1448	6.419711153667017
1449	7.4197111536670155
1450	5.295859512699931
1451	5.174198485852867
1452	5.207523549263058
1453	6.942589898947355
1454	6.942589898947355
1455	6.720741149330998
1456	6.817651162339054
1457	6.942589898947355
1458	6.942589898947355
1459	6.817651162339054
1460	4.229659735907811
1461	4.061966828486641
1462	4.439253261390917
1463	4.432044888740742
1464	7.4197111536670155
1465	7.4197111536670155
1466	7.4197111536670155
1467	7.4197111536670155
1468	7.4197111536670155
1469	6.273583117988778
1470	6.378318468508792
1471	4.408563792891219
1472	4.363950688979282
1473	7.4197111536670155
1474	7.4197111536670155
1475	7.4197111536670155
1476	6.057983317649423
1477	6.465468644227691
1478	6.189262232288742
1479	6.378318468508792
1480	5.942589898947354
1481	6.215591171011091
1482	6.189262232288742
1483	5.928349459832743
1484	6.189262232288742
1485	6.057983317649423
1486	6.021771144994979
1487	6.039499911955411
1488	7.4197111536670155
1489	7.4197111536670155
1490	7.4197111536670155
1491	7.4197111536670155
1492	4.678559554815232
1493	7.4197111536670155
1494	7.4197111536670155
1495	7.4197111536670155
1496	7.4197111536670155
1497	7.4197111536670155
1498	7.4197111536670155
1499	4.233037286167272
1500	4.260143960433396
1501	7.4197111536670155
1502	7.4197111536670155
1503	7.4197111536670155
1504	6.004737805696199
1505	7.4197111536670155
1506	4.532093853331281
1507	7.4197111536670155
1508	4.835379929299486
1509	3.681009853232307
1510	4.255060937732719
1511	3.993688137977141
1512	5.347829146360891
1513	7.118681158003035
1514	7.118681158003035
1515	7.4197111536670155
1516	7.4197111536670155
1517	7.4197111536670155
1518	7.4197111536670155
1519	7.4197111536670155
1520	7.4197111536670155
1521	7.118681158003035
1522	6.942589898947355
1523	7.4197111536670155
1524	3.427688125903166
1525	3.433566688956496
1526	6.720741149330998
1527	7.118681158003035
1528	7.118681158003035
1529	6.641559903283373
1530	6.720741149330998
1531	6.942589898947355
1532	4.810116744441797
1533	4.816566781046834
1534	4.056851850708337
1535	4.084052701377715
1536	7.4197111536670155
1537	6.039499911955411
1538	3.614754353809525
1539	3.5493657825860567
1540	5.627319464168762
1541	7.4197111536670155
1542	7.4197111536670155
1543	5.333351322992269
1544	7.118681158003035
1545	6.942589898947355
1546	6.942589898947355
1547	6.817651162339054
1548	6.942589898947355
1549	6.942589898947355
1550	7.118681158003035
1551	6.942589898947355
1552	6.817651162339054
1553	7.118681158003035
1554	7.118681158003035
1555	6.942589898947355
1556	7.4197111536670155
1557	7.4197111536670155
1558	7.4197111536670155
1559	7.4197111536670155
1560	7.4197111536670155
1561	7.4197111536670155
1562	7.4197111536670155
1563	7.4197111536670155
1564	7.4197111536670155
1565	7.4197111536670155
1566	5.147869547130518
1567	5.1918244490533425
1568	6.215591171011091
1569	6.340529907619392
1570	6.243619894611335
1571	6.004737805696199
1572	6.057983317649423
1573	7.4197111536670155
1574	5.6415599032833725
1575	7.4197111536670155
1576	5.6415599032833725
1577	7.4197111536670155
1578	6.215591171011091
1579	4.368944842433975
1580	7.118681158003035
1581	4.490803463423064
1582	5.202227209453111
1583	7.4197111536670155
1584	7.4197111536670155
1585	7.4197111536670155
1586	4.450295241313035
1587	7.4197111536670155
1588	4.5727558286471925
1589	4.858609770017961
1590	7.4197111536670155
1591	7.4197111536670155
1592	6.5746131136527595
1593	4.408563792891219
1594	4.363950688979282
1595	7.4197111536670155
1596	7.4197111536670155
1597	7.4197111536670155
1598	7.4197111536670155
1599	7.118681158003035
1600	6.942589898947355
1601	6.942589898947355
1602	6.215591171011091
1603	6.30576780136018
1604	7.118681158003035
1605	6.641559903283373
1606	6.641559903283373
1607	7.4197111536670155
1608	7.4197111536670155
1609	7.118681158003035
1610	7.4197111536670155
1611	7.4197111536670155
1612	7.4197111536670155
1613	7.4197111536670155
1614	7.4197111536670155
1615	7.4197111536670155
1616	7.4197111536670155
1617	7.4197111536670155
1618	7.4197111536670155
1619	7.4197111536670155
1620	7.4197111536670155
1621	4.5758557310438555
1622	4.558176742807979
1623	7.4197111536670155
1624	7.4197111536670155
1625	5.020037432185979
1626	7.4197111536670155
1627	7.4197111536670155
1628	3.7036242998921844
1629	4.219955976413542
1630	6.021771144994979
1631	4.226308250604599
1632	5.26742280928396
1633	6.817651162339054
1634	6.720741149330998
1635	6.720741149330998
1636	7.4197111536670155
1637	4.787253861482292
1638	5.095428698369323
1639	7.4197111536670155
1640	7.4197111536670155
1641	5.679348464172773
1642	5.839927557050206
1643	7.4197111536670155
1644	5.164438648563711
1645	5.972553122324797
1646	6.5746131136527595
1647	6.5746131136527595
1648	6.004737805696199
1649	6.189262232288742
1650	7.4197111536670155
1651	3.8688715486012315
1652	3.4757716891948003
1653	3.722394611934633
1654	3.9048978586677316
1655	3.73585394826667
1656	7.118681158003035
1657	3.911855281971186
1658	7.118681158003035
1659	7.4197111536670155
1660	7.4197111536670155
1661	5.359013313313405
1662	5.972553122324797
1663	7.4197111536670155
1664	7.118681158003035
1665	5.828646546640517
1666	7.4197111536670155
1667	7.4197111536670155
1668	7.4197111536670155
1669	5.839927557050206
1670	5.91456117534711
1671	5.258343151432042
1672	5.972553122324797
1673	7.4197111536670155
1674	7.4197111536670155
1675	7.4197111536670155
1676	4.994829517035949
1677	4.933989727185437
1678	6.641559903283373
1679	6.419711153667017
1680	6.720741149330998
1681	6.641559903283373
1682	6.1409575527141875
1683	6.465468644227691
1684	7.4197111536670155
1685	7.4197111536670155
1686	5.550479433936041
1687	6.097491858933098
1688	6.097491858933098
1689	7.4197111536670155
1690	7.4197111536670155
1691	4.974106950393419
1692	5.030545069302485
1693	7.4197111536670155
1694	7.4197111536670155
1695	7.4197111536670155
1696	7.4197111536670155
1697	3.5102086122616014
1698	3.498232773291327
1699	5.169291151358123
1700	6.942589898947355
1701	6.942589898947355
1702	7.4197111536670155
1703	4.915920470609835
1704	7.4197111536670155
1705	4.5220840623765755
1706	7.4197111536670155
1707	4.515536785382853
1708	6.641559903283373
1709	6.5746131136527595
1710	4.304766737954432
1711	7.118681158003035
1712	7.4197111536670155
1713	7.4197111536670155
1714	7.4197111536670155
1715	7.4197111536670155
1716	6.641559903283373
1717	4.173458841367695
1718	4.125465437528899
1719	4.3923615458922605
1720	4.856230068272606
1721	4.539469377771536
1722	4.797497130700721
1723	6.465468644227691
1724	6.641559903283373
1725	7.4197111536670155
1726	6.641559903283373
1727	6.516621166675073
1728	6.273583117988778
1729	6.189262232288742
1730	6.215591171011091
1731	6.1409575527141875
1732	4.602807314291357
1733	4.639393841526866
1734	7.4197111536670155
1735	7.4197111536670155
1736	4.214506789718872
1737	4.29749527539419
1738	6.516621166675073
1739	4.837647790755308
1740	4.414101708306736
1741	4.839927557050206
1742	6.720741149330998
1743	4.626619553490436
1744	7.4197111536670155
1745	6.942589898947355
1746	7.4197111536670155
1747	5.679348464172773
1748	7.4197111536670155
1749	5.32280114065896
1750	6.118681158003036
1751	5.215591171011092
1752	6.419711153667017
1753	5.720741149330998
1754	6.641559903283373
1755	6.30576780136018
1756	7.4197111536670155
1757	6.641559903283373
1758	6.641559903283373
1759	6.189262232288742
1760	6.004737805696199
1761	7.4197111536670155
1762	3.4757716891948003
1763	3.8688715486012315
1764	4.734865792022604
1765	3.639754102420111
1766	4.744850012929206
1767	3.645559294712306
1768	7.4197111536670155
1769	6.942589898947355
1770	7.4197111536670155
1771	7.4197111536670155
1772	4.131238353067235
1773	7.4197111536670155
1774	5.292606355302209
1775	6.419711153667017
1776	7.4197111536670155
1777	4.9368375700582625
1778	7.4197111536670155
1779	4.056663559145923
1780	7.4197111536670155
1781	7.4197111536670155
1782	7.4197111536670155
1783	4.933989727185437
1784	4.994829517035949
1785	6.720741149330998
1786	6.16443864856371
1787	5.839927557050206
1788	6.021771144994979
1789	6.057983317649423
1790	5.839927557050206
1791	6.641559903283373
1792	6.817651162339054
1793	6.641559903283373
1794	5.888232236624761
1795	6.720741149330998
1796	6.273583117988778
1797	5.78624269808743
1798	6.16443864856371
1799	4.8744040372011925
1800	4.813329788556412
1801	4.903837309955338
1802	4.933989727185437
1803	5.089297380317825
1804	5.24944943827206
1805	5.511226134788367
1806	4.1323573809522705
1807	5.157260063936587
1808	4.6047979723919426
1809	7.4197111536670155
1810	7.4197111536670155
1811	7.4197111536670155
1812	7.4197111536670155
1813	7.4197111536670155
1814	7.4197111536670155
1815	7.4197111536670155
1816	7.4197111536670155
1817	7.4197111536670155
1818	7.4197111536670155
1819	7.4197111536670155
1820	6.378318468508792
1821	6.189262232288742
1822	7.4197111536670155
1823	7.4197111536670155
1824	7.4197111536670155
1825	7.4197111536670155
1826	7.4197111536670155
1827	7.118681158003035
1828	6.817651162339054
1829	6.942589898947355
1830	6.720741149330998
1831	6.5746131136527595
1832	7.4197111536670155
1833	5.687317393844048
1834	7.4197111536670155
1835	7.4197111536670155
1836	5.78624269808743
1837	5.470321147022104
1838	5.533220428494535
1839	5.568452804947941
1840	7.4197111536670155
1841	7.4197111536670155
1842	7.4197111536670155
1843	7.118681158003035
1844	7.4197111536670155
1845	7.4197111536670155
1846	7.118681158003035
1847	7.4197111536670155
1848	7.4197111536670155
1849	7.4197111536670155
1850	7.4197111536670155
1851	7.4197111536670155
1852	7.4197111536670155
1853	7.118681158003035
1854	7.4197111536670155
1855	7.4197111536670155
1856	7.4197111536670155
1857	7.4197111536670155
1858	7.4197111536670155
1859	7.4197111536670155
1860	7.4197111536670155
1861	7.4197111536670155
1862	5.687317393844048
1863	5.720741149330998
1864	5.766498639891673
1865	6.942589898947355
1866	6.720741149330998
1867	6.817651162339054
1868	6.004737805696199
1869	5.972553122324797
1870	4.074926031034356
1871	7.4197111536670155
1872	5.695435284066227
1873	7.4197111536670155
1874	7.4197111536670155
1875	5.695435284066227
1876	5.169291151358123
1877	5.194401871941154
1878	5.901197213789129
1879	5.91456117534711
1880	7.4197111536670155
1881	7.4197111536670155
1882	7.4197111536670155
1883	5.78624269808743
1884	5.78624269808743
1885	7.4197111536670155
1886	5.91456117534711
1887	5.928349459832743
1888	5.888232236624761
1889	5.720741149330998
1890	5.888232236624761
1891	5.720741149330998
1892	7.4197111536670155
1893	7.118681158003035
1894	5.972553122324797
1895	5.91456117534711
1896	5.9883473895080295
1897	5.9883473895080295
1898	5.91456117534711
1899	6.5746131136527595
1900	6.5746131136527595
1901	5.928349459832743
1902	5.776258477180829
1903	7.4197111536670155
1904	6.516621166675073
1905	7.4197111536670155
1906	7.4197111536670155
1907	7.4197111536670155
1908	7.4197111536670155
1909	7.4197111536670155
1910	7.4197111536670155
1911	7.118681158003035
1912	7.4197111536670155
1913	6.5746131136527595
1914	5.648859142024873
1915	5.568452804947941
1916	6.516621166675073
1917	5.533220428494535
1918	5.406873928961844
1919	7.4197111536670155
1920	7.4197111536670155
1921	7.4197111536670155
1922	7.4197111536670155
1923	7.4197111536670155
1924	6.419711153667017
1925	7.4197111536670155
1926	7.4197111536670155
1927	7.4197111536670155
1928	7.4197111536670155
1929	7.4197111536670155
1930	7.4197111536670155
1931	7.4197111536670155
1932	7.4197111536670155
1933	7.4197111536670155
1934	5.480191901048398
1935	5.538897561386225
1936	6.5746131136527595
1937	7.4197111536670155
1938	7.118681158003035
1939	7.4197111536670155
1940	7.4197111536670155
1941	7.4197111536670155
1942	6.340529907619392
1943	5.756953321985443
1944	7.4197111536670155
1945	7.118681158003035
1946	2.375948173342908
1947	7.4197111536670155
1948	7.4197111536670155
1949	7.4197111536670155
1950	7.4197111536670155
1951	6.243619894611335
1952	7.4197111536670155
1953	7.4197111536670155
1954	7.4197111536670155
1955	7.4197111536670155
1956	7.4197111536670155
1957	7.118681158003035
1958	7.4197111536670155
1959	7.4197111536670155
1960	6.942589898947355
1961	7.4197111536670155
1962	7.4197111536670155
1963	6.942589898947355
1964	5.756953321985443
1965	7.4197111536670155
1966	7.4197111536670155
1967	7.4197111536670155
1968	7.4197111536670155
1969	6.641559903283373
1970	7.4197111536670155
1971	6.243619894611335
1972	7.4197111536670155
1973	5.116515096246528
1974	7.4197111536670155
1975	7.4197111536670155
1976	3.878131909720436
1977	7.4197111536670155
1978	3.0211288643323018
1979	7.4197111536670155
1980	7.4197111536670155
1981	6.243619894611335
1982	4.638674215045884
1983	7.4197111536670155
1984	6.378318468508792
1985	4.754130162649064
1986	7.118681158003035
1987	4.986741862792611
1988	7.4197111536670155
1989	4.012660338862767
1990	7.118681158003035
1991	6.817651162339054
1992	7.4197111536670155
1993	5.446583300067318
1994	7.4197111536670155
1995	6.419711153667017
1996	4.853863334993499
1997	7.4197111536670155
1998	7.4197111536670155
1999	7.118681158003035
2000	4.6623151248739925
2001	5.671523126660816
2002	7.118681158003035
2003	7.118681158003035
2004	7.4197111536670155
2005	6.817651162339054
2006	7.4197111536670155
2007	7.4197111536670155
2008	6.5746131136527595
2009	5.627319464168762
2010	7.4197111536670155
2011	6.378318468508792
2012	7.4197111536670155
2013	7.4197111536670155
2014	6.004737805696199
2015	7.118681158003035
2016	6.720741149330998
2017	5.406873928961844
2018	5.3666327101835964
2019	5.437439920627448
2020	3.7505803062936844
2021	3.7109504299767004
2022	4.458764957933185
2023	4.586564041754231
2024	4.063876657782081
2025	6.817651162339054
2026	7.4197111536670155
2027	7.4197111536670155
2028	6.942589898947355
2029	7.4197111536670155
2030	7.4197111536670155
2031	7.4197111536670155
2032	6.942589898947355
2033	7.4197111536670155
2034	7.4197111536670155
2035	7.4197111536670155
2036	7.4197111536670155
2037	6.817651162339054
2038	7.4197111536670155
2039	7.4197111536670155
2040	7.118681158003035
2041	6.419711153667017
2042	7.4197111536670155
2043	6.942589898947355
2044	5.105843933297863
2045	5.59363635096619
2046	6.817651162339054
2047	4.416681683113398
2048	3.8382166113761174
2049	4.631542782525849
2050	6.817651162339054
2051	7.4197111536670155
2052	7.4197111536670155
2053	7.4197111536670155
2054	6.942589898947355
2055	7.4197111536670155
2056	6.118681158003036
2057	6.273583117988778
2058	6.097491858933098
2059	6.340529907619392
2060	6.273583117988778
2061	6.465468644227691
2062	6.419711153667017
2063	6.465468644227691
2064	7.118681158003035
2065	6.16443864856371
2066	6.641559903283373
2067	6.5746131136527595
2068	6.215591171011091
2069	6.516621166675073
2070	7.4197111536670155
2071	6.720741149330998
2072	7.4197111536670155
2073	7.4197111536670155
2074	7.4197111536670155
2075	5.663836297994525
2076	5.817651162339055
2077	7.4197111536670155
2078	7.4197111536670155
2079	7.4197111536670155
2080	7.4197111536670155
2081	6.817651162339054
2082	7.4197111536670155
2083	7.4197111536670155
2084	7.118681158003035
2085	6.817651162339054
2086	6.942589898947355
2087	7.4197111536670155
2088	7.4197111536670155
2089	7.4197111536670155
2090	7.4197111536670155
2091	7.4197111536670155
2092	7.4197111536670155
2093	7.4197111536670155
2094	7.4197111536670155
2095	7.4197111536670155
2096	7.4197111536670155
2097	5.485212702423449
2098	5.957313155768061
2099	7.4197111536670155
2100	7.4197111536670155
2101	7.4197111536670155
2102	7.4197111536670155
2103	7.4197111536670155
2104	4.064068103446148
2105	3.883910862842119
2106	7.4197111536670155
2107	6.5746131136527595
2108	6.641559903283373
2109	7.118681158003035
2110	7.4197111536670155
2111	6.817651162339054
2112	7.4197111536670155
2113	7.118681158003035
2114	7.4197111536670155
2115	7.4197111536670155
2116	7.118681158003035
2117	5.240734206373847
2118	6.942589898947355
2119	7.4197111536670155
2120	7.4197111536670155
2121	7.4197111536670155
2122	7.4197111536670155
2123	4.612176125598164
2124	4.7782370431629175
2125	7.4197111536670155
2126	6.5746131136527595
2127	7.4197111536670155
2128	7.4197111536670155
2129	7.4197111536670155
2130	7.4197111536670155
2131	7.118681158003035
2132	7.118681158003035
2133	3.5102086122616014
2134	3.498232773291327
2135	7.4197111536670155
2136	7.4197111536670155
2137	7.4197111536670155
2138	7.118681158003035
2139	7.4197111536670155
2140	7.4197111536670155
2141	7.118681158003035
2142	7.4197111536670155
2143	7.4197111536670155
2144	5.103740808210099
2145	7.4197111536670155
2146	6.641559903283373
2147	5.776258477180829
2148	5.374388174880359
2149	7.4197111536670155
2150	7.4197111536670155
2151	6.942589898947355
2152	6.817651162339054
