3459	1.577878984800113
3460	5.841609712168435
3461	5.841609712168435
3462	5.841609712168435
3463	3.01424043911461
3464	5.0634584617847915
3465	4.519390417434516
3466	4.02869635552558
3467	4.27340798810144
3468	5.142639707832416
3469	5.540579716504454
3470	5.841609712168435
3471	4.88736720272911
3472	5.841609712168435
3473	4.125606368533636
3474	5.239549720840473
3475	4.586337207065129
3476	4.499187031346229
3477	5.0634584617847915
3478	5.540579716504454
3479	5.540579716504454
3480	5.841609712168435
3481	5.540579716504454
3482	5.540579716504454
3483	5.540579716504454
3484	5.540579716504454
3485	5.540579716504454
3486	5.540579716504454
3487	5.540579716504454
3488	5.540579716504454
3489	5.540579716504454
3490	5.540579716504454
3491	5.540579716504454
3492	5.540579716504454
3493	5.540579716504454
3494	0.9090344886701448
3495	5.540579716504454
3496	5.540579716504454
3497	4.727666359861598
3498	4.9965116721541785
3499	4.727666359861598
3500	2.165923003469034
3501	4.169511854232717
3502	5.239549720840473
3503	5.0634584617847915
3504	4.727666359861598
3505	5.0634584617847915
3506	4.80021702701021
3507	5.841609712168435
3508	5.841609712168435
3509	5.841609712168435
3510	5.841609712168435
3511	5.841609712168435
3512	5.841609712168435
3513	5.841609712168435
3514	5.540579716504454
3515	5.540579716504454
3516	5.540579716504454
3517	5.540579716504454
3518	5.540579716504454
3519	5.540579716504454
3520	4.499187031346229
3521	0.9090344886701448
3522	4.695481676490197
3523	5.841609712168435
3524	4.695481676490197
3525	5.841609712168435
3526	1.577878984800113
3527	2.8561832380854337
3528	5.841609712168435
3529	5.841609712168435
3530	5.841609712168435
3531	5.841609712168435
3532	5.841609712168435
3533	5.841609712168435
3534	5.841609712168435
3535	0.9090344886701448
3536	5.841609712168435
3537	4.938519725176492
3538	5.540579716504454
3539	5.540579716504454
3540	5.841609712168435
3541	5.540579716504454
3542	5.540579716504454
3543	5.540579716504454
3544	5.540579716504454
3545	5.841609712168435
3546	1.577878984800113
3547	5.841609712168435
3548	5.841609712168435
3549	5.841609712168435
3550	5.841609712168435
3551	5.841609712168435
3552	5.841609712168435
3553	5.841609712168435
3554	5.841609712168435
3555	5.841609712168435
3556	3.016183594400612
3557	5.841609712168435
3558	4.394451680826216
3559	3.3837278154344426
3560	4.540579716504454
3561	1.577878984800113
3562	5.0634584617847915
3563	5.841609712168435
3564	5.540579716504454
3565	5.540579716504454
3566	5.540579716504454
3567	5.540579716504454
3568	5.540579716504454
3569	5.540579716504454
3570	5.540579716504454
3571	5.540579716504454
3572	5.841609712168435
3573	5.841609712168435
3574	4.29754166781816
3575	4.540579716504454
3576	4.841609712168435
3577	4.1981570356822475
3578	5.142639707832416
3579	4.29754166781816
3580	5.239549720840473
3581	4.9965116721541785
3582	5.841609712168435
3583	3.3837278154344426
3584	5.841609712168435
3585	5.841609712168435
3586	5.0634584617847915
3587	5.841609712168435
3588	0.9090344886701448
3589	5.841609712168435
3590	5.841609712168435
3591	5.841609712168435
3592	5.841609712168435
3593	5.841609712168435
3594	5.841609712168435
3595	5.841609712168435
3596	5.841609712168435
3597	1.577878984800113
3598	5.841609712168435
3599	5.364488457448773
3600	4.727666359861598
3601	4.261826115551625
3602	5.540579716504454
3603	5.540579716504454
3604	5.364488457448773
3605	5.841609712168435
3606	5.841609712168435
3607	3.01230593933741
3608	5.841609712168435
3609	5.142639707832416
3610	5.841609712168435
3611	5.841609712168435
3612	4.665518453112754
3613	5.142639707832416
3614	5.841609712168435
3615	4.336459733848529
3616	5.540579716504454
3617	4.519390417434516
3618	5.841609712168435
3619	5.841609712168435
3620	5.841609712168435
3621	5.841609712168435
3622	5.841609712168435
3623	5.841609712168435
3624	5.239549720840473
3625	5.0634584617847915
3626	5.364488457448773
3627	0.9090344886701448
3628	5.364488457448773
3629	5.540579716504454
3630	5.841609712168435
3631	5.540579716504454
3632	5.540579716504454
3633	5.540579716504454
3634	5.540579716504454
3635	5.142639707832416
3636	3.1883971983930914
3637	4.239549720840473
3638	3.218360421770535
3639	5.841609712168435
3640	5.540579716504454
3641	5.540579716504454
3642	5.540579716504454
3643	5.540579716504454
3644	5.540579716504454
3645	5.540579716504454
3646	5.540579716504454
3647	5.841609712168435
3648	2.7775262762048394
3649	1.577878984800113
3650	5.841609712168435
3651	5.841609712168435
3652	5.841609712168435
3653	5.841609712168435
3654	5.841609712168435
3655	5.841609712168435
3656	5.841609712168435
3657	5.841609712168435
3658	5.841609712168435
3659	5.841609712168435
3660	5.841609712168435
3661	5.841609712168435
3662	5.239549720840473
3663	4.63748972951251
3664	4.727666359861598
3665	4.134039536070499
3666	4.250545105141936
3667	4.461398470456829
3668	4.76242846612081
3669	4.479881876150842
3670	4.1981570356822475
3671	4.841609712168435
3672	2.4489127589087696
3673	2.4489127589087696
3674	4.841609712168435
3675	5.841609712168435
3676	4.63748972951251
3677	5.239549720840473
3678	3.218360421770535
3679	4.88736720272911
3680	5.841609712168435
3681	0.9090344886701448
3682	5.540579716504454
3683	4.727666359861598
3684	4.841609712168435
3685	5.841609712168435
3686	5.540579716504454
3687	5.540579716504454
3688	5.540579716504454
3689	5.540579716504454
3690	5.540579716504454
3691	5.540579716504454
3692	5.142639707832416
3693	5.841609712168435
3694	5.0634584617847915
3695	5.841609712168435
3696	5.841609712168435
3697	5.841609712168435
3698	4.80021702701021
3699	5.540579716504454
3700	5.142639707832416
3701	5.841609712168435
3702	5.841609712168435
3703	5.540579716504454
3704	1.577878984800113
3705	3.841609712168435
3706	5.841609712168435
3707	5.841609712168435
3708	5.841609712168435
3709	5.841609712168435
3710	5.841609712168435
3711	5.841609712168435
3712	5.142639707832416
3713	5.841609712168435
3714	0.9090344886701448
3715	4.841609712168435
3716	3.1883971983930914
3717	5.540579716504454
3718	5.841609712168435
3719	1.577878984800113
3720	2.7775262762048394
3721	5.841609712168435
3722	2.6757720874783066
3723	5.841609712168435
3724	5.841609712168435
3725	0.9090344886701448
3726	5.364488457448773
3727	5.841609712168435
3728	5.239549720840473
3729	2.165923003469034
3730	5.841609712168435
3731	5.364488457448773
3732	5.364488457448773
3733	2.6757720874783066
3734	5.841609712168435
3735	5.364488457448773
3736	5.364488457448773
3737	5.841609712168435
3738	5.841609712168435
3739	5.841609712168435
3740	5.841609712168435
3741	5.841609712168435
3742	5.841609712168435
3743	5.841609712168435
3744	5.841609712168435
3745	5.841609712168435
3746	3.1961874428193435
3747	5.364488457448773
3748	5.841609712168435
3749	4.61116079079016
3750	5.540579716504454
3751	5.364488457448773
3752	5.540579716504454
3753	5.540579716504454
3754	5.540579716504454
3755	5.540579716504454
3756	5.364488457448773
3757	5.364488457448773
3758	5.841609712168435
3759	5.239549720840473
3760	4.80021702701021
3761	3.1020373677183435
3762	5.841609712168435
3763	5.841609712168435
3764	3.751704600729037
3765	3.751704600729037
3766	5.540579716504454
3767	5.540579716504454
3768	5.540579716504454
3769	5.841609712168435
3770	0.9090344886701448
3771	3.1020373677183435
3772	5.841609712168435
3773	5.540579716504454
3774	5.540579716504454
3775	5.540579716504454
3776	5.841609712168435
3777	5.142639707832416
3778	5.841609712168435
3779	4.76242846612081
3780	5.841609712168435
3781	4.461398470456829
3782	5.540579716504454
3783	5.540579716504454
3784	5.540579716504454
3785	5.540579716504454
3786	5.540579716504454
3787	3.8825683198473415
3788	4.665518453112754
3789	4.426636364197617
3790	5.540579716504454
3791	5.841609712168435
3792	0.9090344886701448
3793	5.540579716504454
3794	5.0634584617847915
3795	5.364488457448773
3796	4.461398470456829
3797	5.841609712168435
3798	4.27340798810144
3799	4.586337207065129
3800	4.665518453112754
3801	4.695481676490197
3802	4.727666359861598
3803	5.841609712168435
3804	3.960796119887644
3805	5.239549720840473
3806	4.461398470456829
3807	4.261826115551625
3808	3.4086404212940296
3809	5.841609712168435
3810	3.618893241020852
3811	5.540579716504454
3812	5.540579716504454
3813	5.540579716504454
3814	5.540579716504454
3815	5.540579716504454
3816	0.9090344886701448
3817	4.250545105141936
3818	4.261826115551625
3819	5.841609712168435
3820	5.841609712168435
3821	4.0634584617847915
3822	4.1981570356822475
3823	4.80021702701021
3824	5.0634584617847915
3825	4.078181718605498
3826	3.618893241020852
3827	5.841609712168435
3828	4.218360421770535
3829	5.841609712168435
3830	3.5427566357587286
3831	5.841609712168435
3832	5.841609712168435
3833	5.841609712168435
3834	5.841609712168435
3835	4.695481676490197
3836	4.586337207065129
3837	4.461398470456829
3838	5.841609712168435
3839	5.841609712168435
3840	2.9030899869919433
3841	5.540579716504454
3842	5.540579716504454
3843	5.540579716504454
3844	5.540579716504454
3845	5.540579716504454
3846	5.540579716504454
3847	5.540579716504454
3848	5.540579716504454
3849	5.540579716504454
3850	5.540579716504454
3851	5.841609712168435
3852	5.841609712168435
3853	5.841609712168435
3854	5.239549720840473
3855	4.727666359861598
3856	4.379211714269479
3857	4.61116079079016
3858	4.665518453112754
3859	4.841609712168435
3860	4.519390417434516
3861	5.0634584617847915
3862	4.410245948009448
3863	4.540579716504454
3864	5.841609712168435
3865	3.9903513634493595
3866	5.841609712168435
3867	5.841609712168435
3868	0.9090344886701448
3869	5.841609712168435
3870	5.0634584617847915
3871	5.540579716504454
3872	5.841609712168435
3873	5.841609712168435
3874	5.841609712168435
3875	5.841609712168435
3876	5.841609712168435
3877	5.841609712168435
3878	1.577878984800113
3879	5.540579716504454
3880	5.841609712168435
3881	5.841609712168435
3882	5.841609712168435
3883	3.841609712168435
3884	5.841609712168435
3885	5.841609712168435
3886	5.841609712168435
3887	5.841609712168435
3888	5.841609712168435
3889	5.0634584617847915
3890	5.841609712168435
3891	5.841609712168435
3892	5.841609712168435
3893	5.540579716504454
3894	5.540579716504454
3895	5.540579716504454
3896	5.540579716504454
3897	5.540579716504454
3898	0.9090344886701448
3899	5.841609712168435
3900	5.239549720840473
3901	4.085734856495943
3902	4.188397198393091
3903	5.540579716504454
3904	4.63748972951251
3905	5.540579716504454
3906	5.239549720840473
3907	5.841609712168435
3908	2.9030899869919433
3909	5.841609712168435
3910	5.841609712168435
3911	2.830885846776662
3912	5.364488457448773
3913	5.841609712168435
3914	5.841609712168435
3915	2.830885846776662
3916	4.27340798810144
3917	5.540579716504454
3918	5.540579716504454
3919	5.540579716504454
3920	5.540579716504454
3921	5.841609712168435
3922	5.841609712168435
3923	5.841609712168435
3924	5.841609712168435
3925	0.9090344886701448
3926	5.540579716504454
3927	5.142639707832416
3928	4.27340798810144
3929	5.841609712168435
3930	5.841609712168435
3931	5.841609712168435
3932	5.841609712168435
3933	5.841609712168435
3934	3.9842772157371664
3935	4.5628561112156065
3936	5.142639707832416
3937	4.188397198393091
3938	4.9965116721541785
3939	5.841609712168435
3940	5.364488457448773
3941	5.841609712168435
3942	5.841609712168435
3943	5.841609712168435
3944	5.841609712168435
3945	5.841609712168435
3946	5.841609712168435
3947	5.841609712168435
3948	5.841609712168435
3949	5.841609712168435
3950	4.63748972951251
3951	5.841609712168435
3952	5.540579716504454
3953	5.540579716504454
3954	5.540579716504454
3955	5.540579716504454
3956	5.540579716504454
3957	5.540579716504454
3958	5.540579716504454
3959	3.955118986995953
3960	4.1981570356822475
3961	4.109215952345466
3962	4.586337207065129
3963	5.0634584617847915
3964	4.88736720272911
3965	4.586337207065129
3966	2.358450502451456
3967	5.841609712168435
3968	4.586337207065129
3969	5.841609712168435
3970	5.841609712168435
3971	5.364488457448773
3972	5.841609712168435
3973	0.9090344886701448
3974	5.841609712168435
3975	4.80021702701021
3976	1.577878984800113
3977	4.586337207065129
3978	3.2757618934949173
3979	5.841609712168435
3980	5.841609712168435
3981	5.841609712168435
3982	3.9665484487767353
3983	5.0634584617847915
3984	5.364488457448773
3985	5.841609712168435
3986	3.9665484487767353
3987	1.577878984800113
3988	5.841609712168435
3989	5.239549720840473
3990	2.539495335212234
3991	0.9090344886701448
3992	5.540579716504454
3993	5.540579716504454
3994	5.540579716504454
3995	5.841609712168435
3996	2.539495335212234
3997	5.841609712168435
3998	5.841609712168435
3999	5.841609712168435
4000	5.841609712168435
4001	4.078181718605498
4002	5.364488457448773
4003	4.350248018334162
4004	4.27340798810144
4005	4.63748972951251
4006	5.841609712168435
4007	5.841609712168435
4008	5.841609712168435
4009	5.841609712168435
4010	5.841609712168435
4011	5.364488457448773
4012	5.540579716504454
4013	5.540579716504454
4014	5.540579716504454
4015	5.540579716504454
4016	5.540579716504454
4017	5.540579716504454
4018	5.540579716504454
4019	0.9090344886701448
4020	3.960796119887644
4021	5.841609712168435
4022	5.142639707832416
4023	4.80021702701021
4024	4.519390417434516
4025	4.479881876150842
4026	4.88736720272911
4027	5.540579716504454
4028	4.727666359861598
4029	4.049218022670181
4030	4.426636364197617
4031	5.841609712168435
4032	2.6526812284075816
4033	3.960796119887644
4034	2.6526812284075816
4035	5.841609712168435
4036	5.841609712168435
4037	5.841609712168435
4038	4.80021702701021
4039	1.577878984800113
4040	3.305051269596905
4041	3.305051269596905
4042	5.841609712168435
4043	5.841609712168435
4044	4.80021702701021
4045	5.841609712168435
4046	5.841609712168435
4047	5.841609712168435
4048	2.8224934217213624
4049	5.239549720840473
4050	5.841609712168435
4051	5.540579716504454
4052	5.540579716504454
4053	5.540579716504454
4054	5.540579716504454
4055	5.540579716504454
4056	5.540579716504454
4057	5.841609712168435
4058	5.841609712168435
4059	0.9090344886701448
4060	3.3075836061123
4061	2.165923003469034
4062	5.841609712168435
4063	5.841609712168435
4064	4.63748972951251
4065	4.178851880486861
4066	4.479881876150842
4067	4.479881876150842
4068	4.80021702701021
4069	3.955118986995953
4070	5.841609712168435
4071	5.540579716504454
4072	1.577878984800113
4073	5.841609712168435
4074	5.841609712168435
4075	5.841609712168435
4076	2.4489127589087696
4077	5.540579716504454
4078	5.540579716504454
4079	5.540579716504454
4080	5.540579716504454
4081	5.540579716504454
4082	5.142639707832416
4083	4.80021702701021
4084	4.540579716504454
4085	4.250545105141936
4086	4.695481676490197
4087	4.350248018334162
4088	0.9090344886701448
4089	5.841609712168435
4090	5.142639707832416
4091	5.364488457448773
4092	5.841609712168435
4093	5.239549720840473
4094	2.4489127589087696
4095	5.540579716504454
4096	5.364488457448773
4097	5.841609712168435
4098	5.841609712168435
4099	5.841609712168435
4100	5.841609712168435
4101	4.239549720840473
4102	4.9965116721541785
4103	4.394451680826216
4104	4.727666359861598
4105	1.577878984800113
4106	5.841609712168435
4107	5.841609712168435
4108	3.426636364197617
4109	4.519390417434516
4110	5.540579716504454
4111	5.239549720840473
4112	4.9965116721541785
4113	4.727666359861598
4114	3.2889414960562418
4115	5.239549720840473
4116	4.938519725176492
4117	4.938519725176492
4118	5.239549720840473
4119	5.841609712168435
4120	5.841609712168435
4121	5.841609712168435
4122	5.841609712168435
4123	4.426636364197617
4124	3.7481880270062002
4125	5.540579716504454
4126	5.239549720840473
4127	5.0634584617847915
4128	0.9090344886701448
4129	5.841609712168435
4130	5.0634584617847915
4131	5.540579716504454
4132	5.540579716504454
4133	5.540579716504454
4134	5.540579716504454
4135	5.841609712168435
4136	5.841609712168435
4137	5.841609712168435
4138	5.841609712168435
4139	5.841609712168435
4140	5.841609712168435
4141	5.841609712168435
4142	5.841609712168435
4143	5.841609712168435
4144	5.841609712168435
4145	5.841609712168435
4146	5.841609712168435
4147	5.841609712168435
4148	5.841609712168435
4149	5.841609712168435
4150	5.841609712168435
4151	5.841609712168435
4152	5.841609712168435
4153	5.841609712168435
4154	5.841609712168435
4155	5.841609712168435
4156	5.841609712168435
4157	0.9704046817705178
4158	1.6071936746013997
4159	5.239549720840473
4160	5.841609712168435
4161	5.841609712168435
4162	5.841609712168435
4163	5.841609712168435
4164	5.841609712168435
4165	5.841609712168435
4166	5.841609712168435
4167	5.841609712168435
4168	5.841609712168435
4169	5.841609712168435
4170	5.841609712168435
4171	5.841609712168435
4172	5.841609712168435
4173	5.841609712168435
4174	5.841609712168435
4175	5.841609712168435
4176	5.841609712168435
4177	5.841609712168435
4178	5.841609712168435
4179	5.841609712168435
4180	5.841609712168435
4181	5.841609712168435
4182	0.9704046817705178
4183	1.6071936746013997
4184	5.841609712168435
4185	5.841609712168435
4186	5.841609712168435
4187	5.841609712168435
4188	5.841609712168435
4189	5.841609712168435
4190	5.841609712168435
4191	5.841609712168435
4192	5.841609712168435
4193	5.841609712168435
4194	5.841609712168435
4195	5.841609712168435
4196	5.841609712168435
4197	5.841609712168435
4198	5.841609712168435
4199	5.841609712168435
4200	5.841609712168435
4201	5.841609712168435
4202	5.841609712168435
4203	5.841609712168435
4204	5.841609712168435
4205	5.841609712168435
4206	5.841609712168435
4207	5.841609712168435
4208	5.841609712168435
4209	5.841609712168435
4210	5.841609712168435
4211	5.841609712168435
4212	5.841609712168435
4213	5.841609712168435
4214	5.841609712168435
4215	5.841609712168435
4216	5.841609712168435
4217	5.841609712168435
4218	5.841609712168435
4219	5.841609712168435
4220	5.841609712168435
4221	5.841609712168435
4222	5.841609712168435
4223	5.841609712168435
4224	5.841609712168435
4225	5.841609712168435
4226	5.841609712168435
4227	5.841609712168435
4228	5.841609712168435
4229	5.841609712168435
4230	5.540579716504454
4231	5.841609712168435
4232	1.2522857667182374
4233	5.841609712168435
4234	5.841609712168435
4235	1.2522857667182374
4236	5.540579716504454
4237	5.540579716504454
4238	5.540579716504454
4239	5.540579716504454
4240	5.540579716504454
4241	5.540579716504454
4242	5.540579716504454
4243	5.540579716504454
4244	5.540579716504454
4245	5.540579716504454
4246	5.540579716504454
4247	5.540579716504454
4248	5.540579716504454
4249	5.540579716504454
4250	5.540579716504454
4251	5.540579716504454
4252	5.540579716504454
4253	5.540579716504454
4254	5.540579716504454
4255	5.540579716504454
4256	5.540579716504454
4257	5.540579716504454
4258	5.540579716504454
4259	5.540579716504454
4260	5.540579716504454
4261	5.540579716504454
4262	5.540579716504454
4263	5.540579716504454
4264	5.540579716504454
4265	5.540579716504454
4266	5.540579716504454
4267	5.540579716504454
4268	5.540579716504454
4269	5.540579716504454
4270	5.540579716504454
4271	0.9704046817705178
4272	1.1374334474072092
4273	5.142639707832416
4274	4.88736720272911
4275	5.364488457448773
4276	5.540579716504454
4277	4.938519725176492
4278	4.938519725176492
4279	4.88736720272911
4280	5.239549720840473
4281	4.80021702701021
4282	4.695481676490197
4283	4.5628561112156065
4284	4.88736720272911
4285	4.88736720272911
4286	4.9965116721541785
4287	4.80021702701021
4288	4.9965116721541785
4289	4.841609712168435
4290	5.0634584617847915
4291	4.938519725176492
4292	4.665518453112754
4293	4.841609712168435
4294	4.938519725176492
4295	4.88736720272911
4296	4.727666359861598
4297	5.142639707832416
4298	4.9965116721541785
4299	5.364488457448773
4300	4.938519725176492
4301	4.9965116721541785
4302	5.540579716504454
4303	5.239549720840473
4304	5.142639707832416
4305	4.938519725176492
4306	5.0634584617847915
4307	1.2522857667182374
4308	5.841609712168435
4309	4.76242846612081
4310	4.841609712168435
4311	5.239549720840473
4312	5.364488457448773
4313	5.142639707832416
4314	3.845974517570885
4315	5.142639707832416
4316	5.540579716504454
4317	5.142639707832416
4318	4.9965116721541785
4319	5.239549720840473
4320	4.841609712168435
4321	5.142639707832416
4322	4.88736720272911
4323	4.76242846612081
4324	5.0634584617847915
4325	5.239549720840473
4326	4.88736720272911
4327	4.841609712168435
4328	4.841609712168435
4329	4.9965116721541785
4330	5.841609712168435
4331	1.1374334474072092
4332	0.9704046817705178
4333	5.841609712168435
4334	5.540579716504454
4335	5.540579716504454
4336	5.540579716504454
4337	5.540579716504454
4338	5.540579716504454
4339	5.540579716504454
4340	5.540579716504454
4341	5.540579716504454
4342	5.540579716504454
4343	5.540579716504454
4344	5.540579716504454
4345	5.540579716504454
4346	5.540579716504454
4347	5.540579716504454
4348	5.540579716504454
4349	5.540579716504454
4350	5.540579716504454
4351	5.540579716504454
4352	5.540579716504454
4353	5.540579716504454
4354	5.540579716504454
4355	5.841609712168435
4356	1.2522857667182374
4357	5.841609712168435
4358	4.9965116721541785
4359	4.88736720272911
4360	5.142639707832416
4361	5.142639707832416
4362	4.938519725176492
4363	5.142639707832416
4364	5.239549720840473
4365	5.364488457448773
4366	5.0634584617847915
4367	5.0634584617847915
4368	5.364488457448773
4369	5.142639707832416
4370	5.540579716504454
4371	5.364488457448773
4372	5.142639707832416
4373	5.142639707832416
4374	5.239549720840473
4375	5.142639707832416
4376	5.239549720840473
4377	4.9965116721541785
4378	1.2522857667182374
4379	0.9704046817705178
4380	1.1374334474072092
4381	1.2522857667182374
4382	5.841609712168435
4383	5.841609712168435
4384	5.540579716504454
4385	5.540579716504454
4386	5.540579716504454
4387	5.540579716504454
4388	5.540579716504454
4389	5.540579716504454
4390	5.540579716504454
4391	5.540579716504454
4392	5.841609712168435
4393	5.540579716504454
4394	5.540579716504454
4395	5.540579716504454
4396	5.540579716504454
4397	5.540579716504454
4398	5.540579716504454
4399	5.540579716504454
4400	5.841609712168435
4401	5.540579716504454
4402	5.540579716504454
4403	5.540579716504454
4404	5.540579716504454
4405	5.540579716504454
4406	5.841609712168435
4407	5.841609712168435
4408	1.1374334474072092
4409	0.9704046817705178
4410	5.841609712168435
4411	1.2522857667182374
4412	5.841609712168435
4413	5.540579716504454
4414	4.841609712168435
4415	4.841609712168435
4416	5.142639707832416
4417	5.239549720840473
4418	5.0634584617847915
4419	5.0634584617847915
4420	5.540579716504454
4421	5.841609712168435
4422	4.727666359861598
4423	4.841609712168435
4424	4.9965116721541785
4425	5.142639707832416
4426	5.540579716504454
4427	5.540579716504454
4428	5.540579716504454
4429	5.540579716504454
4430	5.540579716504454
4431	5.540579716504454
4432	5.540579716504454
4433	5.540579716504454
4434	5.540579716504454
4435	5.540579716504454
4436	5.540579716504454
4437	5.540579716504454
4438	5.540579716504454
4439	1.2522857667182374
4440	5.841609712168435
4441	5.841609712168435
4442	5.841609712168435
4443	5.841609712168435
4444	5.841609712168435
4445	5.841609712168435
4446	5.841609712168435
4447	5.841609712168435
4448	5.841609712168435
4449	5.841609712168435
4450	5.841609712168435
4451	5.841609712168435
4452	5.841609712168435
4453	5.841609712168435
4454	5.841609712168435
4455	5.841609712168435
4456	5.841609712168435
4457	5.841609712168435
4458	5.841609712168435
4459	5.841609712168435
4460	5.841609712168435
4461	5.841609712168435
4462	5.841609712168435
4463	5.841609712168435
4464	5.841609712168435
4465	5.540579716504454
4466	5.540579716504454
4467	5.540579716504454
4468	5.540579716504454
4469	5.540579716504454
4470	5.540579716504454
4471	5.540579716504454
4472	5.540579716504454
4473	5.540579716504454
4474	5.540579716504454
4475	5.540579716504454
4476	5.540579716504454
4477	5.540579716504454
4478	5.540579716504454
4479	5.540579716504454
4480	5.540579716504454
4481	5.540579716504454
4482	5.540579716504454
4483	5.540579716504454
4484	5.540579716504454
4485	5.540579716504454
4486	5.540579716504454
4487	5.841609712168435
4488	1.2522857667182374
4489	5.841609712168435
4490	0.9704046817705178
4491	1.1374334474072092
4492	1.2522857667182374
4493	5.841609712168435
4494	4.841609712168435
4495	5.364488457448773
4496	5.841609712168435
4497	5.841609712168435
4498	5.540579716504454
4499	5.540579716504454
4500	5.540579716504454
4501	5.540579716504454
4502	5.841609712168435
4503	5.841609712168435
4504	5.540579716504454
4505	4.63748972951251
4506	5.540579716504454
4507	5.142639707832416
4508	5.540579716504454
4509	5.540579716504454
4510	5.540579716504454
4511	5.540579716504454
4512	5.540579716504454
4513	5.540579716504454
4514	5.540579716504454
4515	5.540579716504454
4516	5.540579716504454
4517	5.540579716504454
4518	5.540579716504454
4519	5.540579716504454
4520	5.540579716504454
4521	1.1374334474072092
4522	0.9704046817705178
4523	1.2522857667182374
4524	5.841609712168435
4525	5.841609712168435
4526	5.841609712168435
4527	1.2522857667182374
4528	1.2522857667182374
4529	1.1374334474072092
4530	0.9704046817705178
4531	5.841609712168435
4532	5.841609712168435
4533	5.841609712168435
4534	4.727666359861598
4535	4.727666359861598
4536	4.938519725176492
4537	4.938519725176492
4538	5.540579716504454
4539	4.938519725176492
4540	4.80021702701021
4541	4.80021702701021
4542	4.80021702701021
4543	5.364488457448773
4544	5.540579716504454
4545	4.841609712168435
4546	4.695481676490197
4547	4.63748972951251
4548	5.841609712168435
4549	5.239549720840473
4550	4.938519725176492
4551	4.80021702701021
4552	5.239549720840473
4553	4.841609712168435
4554	4.9965116721541785
4555	4.80021702701021
4556	4.80021702701021
4557	4.841609712168435
4558	5.540579716504454
4559	4.76242846612081
4560	5.841609712168435
4561	5.540579716504454
4562	5.540579716504454
4563	5.540579716504454
4564	5.540579716504454
4565	5.540579716504454
4566	5.540579716504454
4567	5.540579716504454
4568	5.540579716504454
4569	5.540579716504454
4570	5.540579716504454
4571	5.540579716504454
4572	5.540579716504454
4573	5.540579716504454
4574	5.540579716504454
4575	5.540579716504454
4576	5.540579716504454
4577	5.540579716504454
4578	5.540579716504454
4579	5.540579716504454
4580	5.540579716504454
4581	5.540579716504454
4582	5.540579716504454
4583	5.540579716504454
4584	5.540579716504454
4585	5.540579716504454
4586	5.540579716504454
4587	1.2522857667182374
4588	1.1374334474072092
4589	0.9704046817705178
4590	5.841609712168435
4591	1.2522857667182374
4592	5.540579716504454
4593	1.2522857667182374
4594	5.540579716504454
4595	5.540579716504454
4596	5.540579716504454
4597	5.540579716504454
4598	5.540579716504454
4599	5.540579716504454
4600	5.540579716504454
4601	5.540579716504454
4602	5.540579716504454
4603	5.540579716504454
4604	5.540579716504454
4605	5.540579716504454
4606	5.540579716504454
4607	5.0634584617847915
4608	5.0634584617847915
4609	5.142639707832416
4610	4.63748972951251
4611	4.841609712168435
4612	4.76242846612081
4613	4.938519725176492
4614	5.142639707832416
4615	5.540579716504454
4616	5.142639707832416
4617	5.540579716504454
4618	5.239549720840473
4619	5.540579716504454
4620	5.841609712168435
4621	5.841609712168435
4622	5.841609712168435
4623	1.2522857667182374
4624	5.841609712168435
4625	5.841609712168435
4626	5.540579716504454
4627	5.540579716504454
4628	5.540579716504454
4629	5.540579716504454
4630	5.540579716504454
4631	5.540579716504454
4632	5.540579716504454
4633	5.540579716504454
4634	5.540579716504454
4635	5.540579716504454
4636	5.540579716504454
4637	5.540579716504454
4638	5.540579716504454
4639	5.540579716504454
4640	5.540579716504454
4641	5.540579716504454
4642	5.540579716504454
4643	5.540579716504454
4644	5.540579716504454
4645	5.540579716504454
4646	5.540579716504454
4647	5.540579716504454
4648	5.0634584617847915
4649	5.540579716504454
4650	5.142639707832416
4651	5.540579716504454
4652	5.841609712168435
4653	5.142639707832416
4654	5.239549720840473
4655	5.142639707832416
4656	5.841609712168435
4657	5.364488457448773
4658	5.540579716504454
4659	4.88736720272911
4660	4.9965116721541785
4661	5.841609712168435
4662	5.239549720840473
4663	5.142639707832416
4664	5.0634584617847915
4665	5.841609712168435
4666	5.364488457448773
4667	5.364488457448773
4668	5.0634584617847915
4669	5.239549720840473
4670	5.841609712168435
4671	0.9704046817705178
4672	1.1374334474072092
4673	1.2522857667182374
4674	5.841609712168435
4675	1.2522857667182374
4676	5.540579716504454
4677	5.841609712168435
4678	5.540579716504454
4679	5.540579716504454
4680	5.540579716504454
4681	5.540579716504454
4682	5.540579716504454
4683	5.540579716504454
4684	5.540579716504454
4685	5.540579716504454
4686	5.540579716504454
4687	5.540579716504454
4688	5.540579716504454
4689	5.540579716504454
4690	5.540579716504454
4691	4.727666359861598
4692	5.540579716504454
4693	4.9965116721541785
4694	4.727666359861598
4695	4.88736720272911
4696	5.142639707832416
4697	5.540579716504454
4698	4.841609712168435
4699	5.841609712168435
4700	4.76242846612081
4701	4.88736720272911
4702	4.695481676490197
4703	5.364488457448773
4704	5.540579716504454
4705	5.841609712168435
4706	5.841609712168435
4707	1.2522857667182374
4708	0.9704046817705178
4709	1.1374334474072092
4710	5.841609712168435
4711	5.841609712168435
4712	1.2522857667182374
4713	5.540579716504454
4714	5.540579716504454
4715	5.540579716504454
4716	5.540579716504454
4717	5.540579716504454
4718	5.540579716504454
4719	5.540579716504454
4720	5.540579716504454
4721	5.540579716504454
4722	5.540579716504454
4723	5.540579716504454
4724	5.540579716504454
4725	5.540579716504454
4726	5.540579716504454
4727	5.540579716504454
4728	5.540579716504454
4729	5.540579716504454
4730	5.540579716504454
4731	5.540579716504454
4732	5.540579716504454
4733	5.540579716504454
4734	1.2522857667182374
4735	4.80021702701021
4736	4.76242846612081
4737	4.88736720272911
4738	4.938519725176492
4739	4.938519725176492
4740	5.142639707832416
4741	5.239549720840473
4742	5.239549720840473
4743	5.239549720840473
4744	5.0634584617847915
4745	5.0634584617847915
4746	4.88736720272911
4747	5.0634584617847915
4748	5.364488457448773
4749	4.5628561112156065
4750	4.63748972951251
4751	4.76242846612081
4752	4.61116079079016
4753	4.727666359861598
4754	5.239549720840473
4755	5.364488457448773
4756	5.239549720840473
4757	5.841609712168435
4758	0.9704046817705178
4759	1.1374334474072092
4760	5.841609712168435
4761	5.841609712168435
4762	4.695481676490197
4763	4.727666359861598
4764	4.938519725176492
4765	4.665518453112754
4766	5.239549720840473
4767	4.76242846612081
4768	4.76242846612081
4769	5.239549720840473
4770	5.0634584617847915
4771	4.665518453112754
4772	4.88736720272911
4773	4.9965116721541785
4774	4.519390417434516
4775	4.80021702701021
4776	4.88736720272911
4777	5.0634584617847915
4778	1.2522857667182374
4779	5.841609712168435
4780	5.841609712168435
4781	5.841609712168435
4782	1.1374334474072092
4783	0.9704046817705178
4784	5.540579716504454
4785	5.540579716504454
4786	5.540579716504454
4787	5.540579716504454
4788	5.540579716504454
4789	5.540579716504454
4790	5.540579716504454
4791	5.540579716504454
4792	5.540579716504454
4793	5.540579716504454
4794	5.540579716504454
4795	5.540579716504454
4796	5.540579716504454
4797	5.540579716504454
4798	5.540579716504454
4799	5.540579716504454
4800	5.841609712168435
4801	1.2522857667182374
4802	5.841609712168435
4803	5.841609712168435
4804	5.841609712168435
4805	5.364488457448773
4806	5.841609712168435
4807	5.841609712168435
4808	5.841609712168435
4809	5.841609712168435
4810	5.364488457448773
4811	5.841609712168435
4812	5.364488457448773
4813	5.540579716504454
4814	5.364488457448773
4815	5.364488457448773
4816	5.841609712168435
4817	5.841609712168435
4818	5.364488457448773
4819	5.540579716504454
4820	5.841609712168435
4821	5.841609712168435
4822	5.841609712168435
4823	5.841609712168435
4824	5.540579716504454
4825	5.841609712168435
4826	5.239549720840473
4827	5.841609712168435
4828	0.9704046817705178
4829	1.6071936746013997
4830	5.540579716504454
4831	5.364488457448773
4832	5.364488457448773
4833	5.364488457448773
4834	5.841609712168435
4835	5.540579716504454
4836	5.841609712168435
4837	5.841609712168435
4838	5.841609712168435
4839	5.364488457448773
4840	5.841609712168435
4841	5.239549720840473
4842	5.841609712168435
4843	5.841609712168435
4844	5.841609712168435
4845	5.540579716504454
4846	5.841609712168435
4847	5.841609712168435
4848	5.540579716504454
4849	5.841609712168435
4850	5.841609712168435
4851	5.364488457448773
4852	5.364488457448773
4853	5.841609712168435
4854	1.2522857667182374
4855	5.540579716504454
4856	5.540579716504454
4857	5.540579716504454
4858	5.540579716504454
4859	5.540579716504454
4860	5.540579716504454
4861	5.540579716504454
4862	5.540579716504454
4863	5.540579716504454
4864	5.540579716504454
4865	5.540579716504454
4866	5.540579716504454
4867	5.540579716504454
4868	5.540579716504454
4869	5.540579716504454
4870	5.540579716504454
4871	5.540579716504454
4872	5.540579716504454
4873	5.540579716504454
4874	5.540579716504454
4875	5.540579716504454
4876	5.540579716504454
4877	5.540579716504454
4878	5.540579716504454
4879	5.540579716504454
4880	5.540579716504454
4881	5.540579716504454
4882	5.540579716504454
4883	5.540579716504454
4884	5.540579716504454
4885	5.540579716504454
4886	5.540579716504454
4887	5.540579716504454
4888	5.540579716504454
4889	5.540579716504454
4890	5.540579716504454
4891	5.540579716504454
4892	5.540579716504454
4893	5.540579716504454
4894	5.540579716504454
4895	5.540579716504454
4896	5.540579716504454
4897	5.540579716504454
4898	5.540579716504454
4899	5.540579716504454
4900	5.540579716504454
4901	5.540579716504454
4902	5.540579716504454
4903	5.540579716504454
4904	5.540579716504454
4905	5.540579716504454
4906	5.540579716504454
4907	5.540579716504454
4908	5.540579716504454
4909	5.540579716504454
4910	5.540579716504454
4911	5.540579716504454
4912	5.540579716504454
4913	5.540579716504454
4914	5.540579716504454
4915	5.540579716504454
4916	5.540579716504454
4917	5.540579716504454
4918	5.540579716504454
4919	5.540579716504454
4920	5.540579716504454
4921	5.540579716504454
4922	5.540579716504454
4923	5.540579716504454
4924	5.540579716504454
4925	5.540579716504454
4926	5.540579716504454
4927	5.540579716504454
4928	5.540579716504454
4929	5.540579716504454
4930	5.540579716504454
4931	5.540579716504454
4932	5.540579716504454
4933	5.540579716504454
4934	5.540579716504454
4935	5.540579716504454
4936	5.540579716504454
4937	5.540579716504454
4938	5.540579716504454
4939	5.540579716504454
4940	5.540579716504454
4941	5.540579716504454
4942	5.540579716504454
4943	5.540579716504454
4944	5.540579716504454
4945	5.540579716504454
4946	5.540579716504454
4947	5.540579716504454
4948	5.540579716504454
4949	5.540579716504454
4950	5.540579716504454
4951	5.540579716504454
4952	5.540579716504454
4953	5.540579716504454
4954	5.540579716504454
4955	1.2522857667182374
4956	5.540579716504454
4957	5.142639707832416
4958	5.142639707832416
4959	5.142639707832416
4960	4.88736720272911
4961	5.0634584617847915
4962	5.0634584617847915
4963	5.0634584617847915
4964	5.142639707832416
4965	4.841609712168435
4966	5.142639707832416
4967	5.142639707832416
4968	4.841609712168435
4969	5.142639707832416
4970	4.695481676490197
4971	4.938519725176492
4972	5.0634584617847915
4973	4.63748972951251
4974	5.142639707832416
4975	5.239549720840473
4976	5.364488457448773
4977	5.0634584617847915
4978	5.540579716504454
4979	4.938519725176492
4980	5.142639707832416
4981	5.841609712168435
4982	5.364488457448773
4983	5.841609712168435
4984	4.938519725176492
4985	4.88736720272911
4986	4.76242846612081
4987	5.841609712168435
4988	5.142639707832416
4989	5.142639707832416
4990	5.239549720840473
4991	4.938519725176492
4992	5.142639707832416
4993	4.938519725176492
4994	5.142639707832416
4995	5.0634584617847915
4996	5.142639707832416
4997	5.239549720840473
4998	5.364488457448773
4999	5.364488457448773
5000	5.364488457448773
5001	4.841609712168435
5002	4.76242846612081
5003	5.0634584617847915
5004	5.364488457448773
5005	5.142639707832416
5006	5.142639707832416
5007	5.142639707832416
5008	5.239549720840473
5009	4.9965116721541785
5010	4.9965116721541785
5011	4.9965116721541785
5012	4.938519725176492
5013	5.364488457448773
5014	5.142639707832416
5015	5.239549720840473
5016	4.9965116721541785
5017	5.540579716504454
5018	5.239549720840473
5019	4.76242846612081
5020	5.239549720840473
5021	5.364488457448773
5022	5.0634584617847915
5023	5.142639707832416
5024	5.540579716504454
5025	5.142639707832416
5026	4.9965116721541785
5027	4.9965116721541785
5028	5.364488457448773
5029	4.938519725176492
5030	4.841609712168435
5031	4.61116079079016
5032	5.239549720840473
5033	5.142639707832416
5034	5.0634584617847915
5035	4.88736720272911
5036	4.938519725176492
5037	4.9965116721541785
5038	5.540579716504454
5039	5.841609712168435
5040	5.0634584617847915
5041	5.142639707832416
5042	5.142639707832416
5043	4.9965116721541785
5044	5.239549720840473
5045	5.364488457448773
5046	5.364488457448773
5047	5.239549720840473
5048	5.364488457448773
5049	5.0634584617847915
5050	5.0634584617847915
5051	5.540579716504454
5052	4.938519725176492
5053	5.239549720840473
5054	5.364488457448773
5055	5.0634584617847915
5056	5.540579716504454
5057	5.841609712168435
5058	0.9704046817705178
5059	1.1374334474072092
5060	5.841609712168435
5061	5.841609712168435
5062	1.1374334474072092
5063	0.9704046817705178
5064	5.841609712168435
5065	5.841609712168435
5066	5.540579716504454
5067	5.540579716504454
5068	5.540579716504454
5069	5.540579716504454
5070	5.540579716504454
5071	5.540579716504454
5072	5.540579716504454
5073	5.540579716504454
5074	5.540579716504454
5075	5.540579716504454
5076	5.540579716504454
5077	5.540579716504454
5078	5.841609712168435
5079	5.841609712168435
5080	1.2522857667182374
5081	5.540579716504454
5082	4.695481676490197
5083	5.540579716504454
5084	5.841609712168435
5085	5.841609712168435
5086	5.841609712168435
5087	5.540579716504454
5088	5.540579716504454
5089	5.841609712168435
5090	5.841609712168435
5091	5.540579716504454
5092	5.364488457448773
5093	1.2522857667182374
5094	1.2522857667182374
5095	5.841609712168435
5096	1.2522857667182374
5097	5.841609712168435
5098	5.841609712168435
5099	5.841609712168435
5100	4.841609712168435
5101	4.88736720272911
5102	4.841609712168435
5103	5.142639707832416
5104	5.0634584617847915
5105	5.540579716504454
5106	4.80021702701021
5107	5.0634584617847915
5108	4.938519725176492
5109	4.76242846612081
5110	4.938519725176492
5111	5.142639707832416
5112	4.76242846612081
5113	4.88736720272911
5114	4.938519725176492
5115	4.938519725176492
5116	4.80021702701021
5117	5.540579716504454
5118	5.540579716504454
5119	5.540579716504454
5120	5.540579716504454
5121	5.540579716504454
5122	5.540579716504454
5123	5.540579716504454
5124	5.540579716504454
5125	5.540579716504454
5126	5.540579716504454
5127	5.540579716504454
5128	5.540579716504454
5129	5.540579716504454
5130	5.540579716504454
5131	5.540579716504454
5132	5.540579716504454
5133	5.540579716504454
5134	0.9704046817705178
5135	1.1374334474072092
5136	5.841609712168435
5137	5.841609712168435
5138	5.841609712168435
5139	5.540579716504454
5140	5.540579716504454
5141	5.540579716504454
5142	5.540579716504454
5143	5.540579716504454
5144	5.540579716504454
5145	5.540579716504454
5146	5.540579716504454
5147	5.540579716504454
5148	5.540579716504454
5149	5.540579716504454
5150	5.540579716504454
5151	5.540579716504454
5152	5.540579716504454
5153	5.540579716504454
5154	5.540579716504454
5155	5.540579716504454
5156	5.540579716504454
5157	4.938519725176492
5158	5.0634584617847915
5159	5.142639707832416
5160	5.841609712168435
5161	4.938519725176492
5162	5.239549720840473
5163	5.540579716504454
5164	5.364488457448773
5165	5.142639707832416
5166	5.364488457448773
5167	5.142639707832416
5168	5.142639707832416
5169	5.540579716504454
5170	5.841609712168435
5171	4.9965116721541785
5172	4.9965116721541785
5173	4.9965116721541785
5174	5.142639707832416
5175	5.841609712168435
5176	0.9704046817705178
5177	1.1374334474072092
5178	1.2522857667182374
5179	1.2522857667182374
5180	5.841609712168435
5181	5.841609712168435
5182	5.841609712168435
5183	5.841609712168435
5184	5.841609712168435
5185	5.841609712168435
5186	5.841609712168435
5187	5.841609712168435
5188	5.364488457448773
5189	5.841609712168435
5190	5.540579716504454
5191	5.841609712168435
5192	5.239549720840473
5193	5.841609712168435
5194	5.841609712168435
5195	5.841609712168435
5196	5.841609712168435
5197	5.841609712168435
5198	5.841609712168435
5199	5.841609712168435
5200	5.841609712168435
5201	5.841609712168435
5202	5.364488457448773
5203	5.239549720840473
5204	5.841609712168435
5205	5.841609712168435
5206	5.841609712168435
5207	5.841609712168435
5208	5.540579716504454
5209	5.841609712168435
5210	5.841609712168435
5211	5.841609712168435
5212	5.364488457448773
5213	0.9704046817705178
5214	1.6071936746013997
5215	5.841609712168435
6194	4.695481676490197
6195	5.841609712168435
6196	2.9251557636185104
6197	5.841609712168435
6198	5.841609712168435
6199	5.841609712168435
6200	5.841609712168435
6201	5.841609712168435
6202	5.540579716504454
6203	5.540579716504454
6204	5.540579716504454
6205	5.540579716504454
6206	5.540579716504454
6207	5.540579716504454
6208	5.540579716504454
6209	4.410245948009448
6210	4.88736720272911
6211	4.61116079079016
6212	4.178851880486861
6213	4.479881876150842
6214	4.1981570356822475
6215	4.665518453112754
6216	4.443669703496397
6217	5.540579716504454
6218	4.695481676490197
6219	5.841609712168435
6220	4.841609712168435
6221	0.9090344886701448
6222	1.577878984800113
6223	3.1148825031418625
6224	5.239549720840473
6225	5.841609712168435
6226	5.841609712168435
6227	5.841609712168435
6228	5.540579716504454
6229	5.142639707832416
6230	4.841609712168435
6231	4.519390417434516
6232	5.239549720840473
6233	5.841609712168435
6234	4.665518453112754
6235	5.364488457448773
6236	4.88736720272911
6237	5.239549720840473
6238	5.540579716504454
6239	5.841609712168435
6240	5.841609712168435
6241	5.239549720840473
6242	5.841609712168435
6243	5.841609712168435
6244	5.841609712168435
6245	5.841609712168435
6246	5.841609712168435
6247	5.841609712168435
6248	5.841609712168435
6249	3.1181540401332497
6250	5.142639707832416
6251	4.80021702701021
6252	5.364488457448773
6253	4.394451680826216
6254	5.841609712168435
6255	5.841609712168435
6256	5.841609712168435
6257	5.239549720840473
6258	4.841609712168435
6259	5.841609712168435
6260	0.9090344886701448
6261	2.9671278944689687
6262	5.540579716504454
6263	5.540579716504454
6264	5.540579716504454
6265	5.540579716504454
6266	5.540579716504454
6267	4.394451680826216
6268	4.426636364197617
6269	1.577878984800113
6270	5.841609712168435
6271	4.1981570356822475
6272	4.80021702701021
6273	4.461398470456829
6274	4.695481676490197
6275	4.410245948009448
6276	3.0091007994621988
6277	4.63748972951251
6278	5.841609712168435
6279	2.7831836877114298
6280	5.841609712168435
6281	2.361890476728864
6282	4.394451680826216
6283	4.586337207065129
6284	4.160368474792848
6285	3.9903513634493595
6286	4.9965116721541785
6287	4.350248018334162
6288	4.443669703496397
6289	4.218360421770535
6290	4.80021702701021
6291	4.727666359861598
6292	4.208141256588849
6293	4.443669703496397
6294	3.9903513634493595
6295	3.972377992437459
6296	4.142639707832417
6297	4.5628561112156065
6298	4.519390417434516
6299	4.350248018334162
6300	4.479881876150842
6301	4.228825855448699
6302	4.261826115551625
6303	4.461398470456829
6304	5.142639707832416
6305	4.9965116721541785
6306	5.540579716504454
6307	5.841609712168435
6308	5.841609712168435
6309	5.841609712168435
6310	5.841609712168435
6311	5.841609712168435
6312	5.142639707832416
6313	2.7831836877114298
6314	5.540579716504454
6315	4.9965116721541785
6316	0.9090344886701448
6317	5.841609712168435
6318	5.540579716504454
6319	5.540579716504454
6320	5.540579716504454
6321	5.540579716504454
6322	5.540579716504454
6323	5.540579716504454
6324	5.540579716504454
6325	5.540579716504454
6326	5.540579716504454
6327	5.540579716504454
6328	5.540579716504454
6329	5.540579716504454
6330	5.540579716504454
6331	5.540579716504454
6332	5.540579716504454
6333	5.540579716504454
6334	5.540579716504454
6335	5.540579716504454
6336	5.540579716504454
6337	5.540579716504454
6338	5.540579716504454
6339	5.540579716504454
6340	3.7552498814936865
6341	2.361890476728864
6342	2.358450502451456
6343	4.364488457448773
6344	5.841609712168435
6345	4.88736720272911
6346	5.142639707832416
6347	5.841609712168435
6348	5.841609712168435
6349	5.841609712168435
6350	5.841609712168435
6351	5.841609712168435
6352	5.841609712168435
6353	5.841609712168435
6354	5.841609712168435
6355	5.841609712168435
6356	5.841609712168435
6357	4.188397198393091
6358	5.142639707832416
6359	4.88736720272911
6360	0.9090344886701448
6361	1.577878984800113
6362	5.841609712168435
6363	5.841609712168435
6364	4.499187031346229
6365	5.239549720840473
6366	5.841609712168435
6367	5.540579716504454
6368	5.841609712168435
6369	5.841609712168435
6370	5.841609712168435
6371	5.841609712168435
6372	5.841609712168435
6373	5.841609712168435
6374	3.0220657766265666
6375	3.618893241020852
6376	1.577878984800113
6377	2.9596547408288347
6378	5.540579716504454
6379	5.540579716504454
6380	5.540579716504454
6381	5.841609712168435
6382	5.841609712168435
6383	5.841609712168435
6384	5.841609712168435
6385	4.76242846612081
6386	5.841609712168435
6387	5.142639707832416
6388	5.841609712168435
6389	3.1961874428193435
6390	3.9965116721541785
6391	5.841609712168435
6392	3.1961874428193435
6393	3.618893241020852
6394	5.841609712168435
6395	5.841609712168435
6396	5.142639707832416
6397	5.841609712168435
6398	5.841609712168435
6399	5.841609712168435
6400	5.841609712168435
6401	2.9596547408288347
6402	0.9090344886701448
6403	5.841609712168435
6404	5.841609712168435
6405	5.841609712168435
6406	5.841609712168435
6407	5.841609712168435
6408	5.540579716504454
6409	5.841609712168435
6410	5.841609712168435
6411	5.841609712168435
6412	5.841609712168435
6413	5.540579716504454
6414	5.841609712168435
6415	5.841609712168435
6416	5.841609712168435
6417	5.540579716504454
6418	5.841609712168435
6419	5.540579716504454
6420	5.841609712168435
6421	5.841609712168435
6422	5.540579716504454
6423	5.540579716504454
6424	5.841609712168435
6425	5.841609712168435
6426	5.540579716504454
6427	5.540579716504454
6428	5.841609712168435
6429	5.841609712168435
6430	5.841609712168435
6431	5.540579716504454
6432	5.841609712168435
6433	5.540579716504454
6434	5.841609712168435
6435	5.841609712168435
6436	5.540579716504454
6437	5.841609712168435
6438	5.841609712168435
6439	1.6071936746013997
6440	0.9704046817705178
6441	1.2522857667182374
6442	5.841609712168435
6443	5.841609712168435
6444	1.1374334474072092
6445	0.9704046817705178
6446	5.540579716504454
6447	5.540579716504454
6448	5.540579716504454
6449	5.540579716504454
6450	5.540579716504454
6451	5.540579716504454
6452	5.540579716504454
6453	5.540579716504454
6454	5.540579716504454
6455	5.540579716504454
6456	5.540579716504454
6457	5.540579716504454
6458	5.540579716504454
6459	5.540579716504454
6460	5.540579716504454
6461	5.540579716504454
6462	5.540579716504454
6463	5.540579716504454
6464	1.2522857667182374
6465	5.841609712168435
6466	5.364488457448773
6467	5.239549720840473
6468	5.364488457448773
6469	4.938519725176492
6470	4.350248018334162
6471	5.142639707832416
6472	4.9965116721541785
6473	5.239549720840473
6474	4.841609712168435
6475	4.379211714269479
6476	5.0634584617847915
6477	4.938519725176492
6478	4.841609712168435
6479	4.9965116721541785
6480	5.239549720840473
6481	4.61116079079016
6482	4.665518453112754
6483	4.938519725176492
6484	5.841609712168435
6485	5.540579716504454
6486	5.540579716504454
6487	5.540579716504454
6488	5.540579716504454
6489	5.540579716504454
6490	5.540579716504454
6491	5.540579716504454
6492	5.540579716504454
6493	5.540579716504454
6494	5.540579716504454
6495	5.540579716504454
6496	5.540579716504454
6497	4.841609712168435
6498	5.0634584617847915
6499	4.350248018334162
6500	4.88736720272911
6501	4.841609712168435
6502	4.88736720272911
6503	5.142639707832416
6504	4.76242846612081
6505	4.9965116721541785
6506	5.142639707832416
6507	5.364488457448773
6508	4.841609712168435
6509	1.2522857667182374
6510	5.841609712168435
6511	5.841609712168435
6512	5.841609712168435
6513	1.1374334474072092
6514	0.9704046817705178
6515	5.841609712168435
6516	1.2522857667182374
6517	5.841609712168435
6518	1.2522857667182374
6519	5.540579716504454
6520	5.540579716504454
6521	5.540579716504454
6522	5.540579716504454
6523	5.540579716504454
6524	5.540579716504454
6525	5.540579716504454
6526	5.540579716504454
6527	5.540579716504454
6528	5.540579716504454
6529	5.540579716504454
6530	5.540579716504454
6531	0.9704046817705178
6532	1.1374334474072092
6533	5.0634584617847915
6534	4.88736720272911
6535	4.841609712168435
6536	4.841609712168435
6537	5.0634584617847915
6538	5.364488457448773
6539	5.540579716504454
6540	4.841609712168435
6541	5.142639707832416
6542	5.142639707832416
6543	4.76242846612081
6544	4.88736720272911
6545	5.841609712168435
6546	1.2522857667182374
6547	5.841609712168435
6548	5.841609712168435
6549	5.841609712168435
6550	5.841609712168435
6551	5.0634584617847915
6552	5.841609712168435
6553	5.841609712168435
6554	5.540579716504454
6555	5.841609712168435
6556	5.841609712168435
6557	5.841609712168435
6558	5.841609712168435
6559	5.540579716504454
6560	5.841609712168435
6561	5.841609712168435
6562	5.841609712168435
6563	5.841609712168435
6564	5.841609712168435
6565	5.841609712168435
6566	5.841609712168435
6567	5.841609712168435
6568	1.6071936746013997
6569	0.9704046817705178
6570	5.841609712168435
6571	5.841609712168435
6572	5.540579716504454
6573	5.841609712168435
6574	5.841609712168435
6575	5.841609712168435
6576	5.841609712168435
6577	5.841609712168435
6578	5.841609712168435
6579	5.841609712168435
6580	5.841609712168435
6581	5.540579716504454
6582	5.841609712168435
6583	5.841609712168435
6584	5.841609712168435
