1	1.0
2	1.0
3	1.0
4	11.0
5	11.0
6	11.0
7	11.0
8	11.0
9	11.0
10	11.0
11	11.0
12	11.0
13	11.0
14	11.0
15	2.0
16	2.0
17	1.0
18	2.0
19	2.0
20	1.0
21	3.0
22	3.0
23	3.0
24	1.0
25	10.0
26	10.0
27	10.0
28	10.0
29	10.0
30	10.0
31	10.0
32	10.0
33	10.0
34	10.0
35	1.0
36	1.0
37	50.0
38	50.0
39	50.0
40	50.0
41	50.0
42	50.0
43	50.0
44	50.0
45	50.0
46	50.0
47	50.0
48	50.0
49	50.0
50	50.0
51	50.0
52	50.0
53	50.0
54	50.0
55	50.0
56	50.0
57	50.0
58	50.0
59	50.0
60	50.0
61	50.0
62	50.0
63	50.0
64	50.0
65	50.0
66	50.0
67	50.0
68	50.0
69	50.0
70	50.0
71	50.0
72	50.0
73	50.0
74	50.0
75	50.0
76	50.0
77	50.0
78	50.0
79	50.0
80	50.0
81	50.0
82	50.0
83	50.0
84	50.0
85	50.0
86	50.0
87	1.0
88	1.0
89	1.0
90	1.0
91	1.0
92	22.0
93	22.0
94	22.0
95	22.0
96	22.0
97	22.0
98	22.0
99	22.0
100	22.0
101	22.0
102	22.0
103	22.0
104	22.0
105	22.0
106	22.0
107	22.0
108	22.0
109	22.0
110	22.0
111	22.0
112	22.0
113	22.0
114	1.0
115	2.0
116	2.0
117	2.0
118	2.0
119	1.0
120	1.0
121	1.0
122	2.0
123	2.0
124	1.0
125	1.0
126	1.0
127	2.0
128	2.0
129	1.0
130	9.0
131	9.0
132	9.0
133	9.0
134	9.0
135	9.0
136	9.0
137	9.0
138	9.0
139	1.0
140	1.0
141	2.0
142	2.0
143	1.0
144	1.0
145	1.0
146	1.0
147	1.0
148	35.0
149	35.0
150	35.0
151	35.0
152	35.0
153	35.0
154	35.0
155	35.0
156	35.0
157	35.0
158	35.0
159	35.0
160	35.0
161	35.0
162	35.0
163	35.0
164	35.0
165	35.0
166	35.0
167	35.0
168	35.0
169	35.0
170	35.0
171	35.0
172	35.0
173	35.0
174	35.0
175	35.0
176	35.0
177	35.0
178	35.0
179	35.0
180	35.0
181	35.0
182	35.0
183	1.0
184	10.0
185	10.0
186	10.0
187	10.0
188	10.0
189	10.0
190	10.0
191	10.0
192	10.0
193	10.0
194	1.0
195	1.0
196	1.0
197	1.0
198	1.0
199	2.0
200	2.0
201	19.0
202	19.0
203	19.0
204	19.0
205	19.0
206	19.0
207	19.0
208	19.0
209	19.0
210	19.0
211	19.0
212	19.0
213	19.0
214	19.0
215	19.0
216	19.0
217	19.0
218	19.0
219	19.0
220	1.0
221	1.0
222	2.0
223	2.0
224	1.0
225	1.0
226	12.0
227	12.0
228	12.0
229	12.0
230	12.0
231	12.0
232	12.0
233	12.0
234	12.0
235	12.0
236	12.0
237	12.0
238	2.0
239	2.0
240	1.0
241	2.0
242	2.0
243	1.0
244	1.0
245	1.0
246	1.0
247	13.0
248	13.0
249	13.0
250	13.0
251	13.0
252	13.0
253	13.0
254	13.0
255	13.0
256	13.0
257	13.0
258	13.0
259	13.0
260	1.0
261	1.0
262	1.0
263	1.0
264	2.0
265	2.0
266	1.0
267	3.0
268	3.0
269	3.0
270	1.0
271	1.0
272	9.0
273	9.0
274	9.0
275	9.0
276	9.0
277	9.0
278	9.0
279	9.0
280	9.0
281	1.0
282	1.0
283	1.0
284	1.0
285	2.0
286	2.0
287	7.0
288	7.0
289	7.0
290	7.0
291	7.0
292	7.0
293	7.0
294	2.0
295	2.0
296	2.0
297	2.0
298	1.0
299	1.0
300	29.0
301	29.0
302	29.0
303	29.0
304	29.0
305	29.0
306	29.0
307	29.0
308	29.0
309	29.0
310	29.0
311	29.0
312	29.0
313	29.0
314	29.0
315	29.0
316	29.0
317	29.0
318	29.0
319	29.0
320	29.0
321	29.0
322	29.0
323	29.0
324	29.0
325	29.0
326	29.0
327	29.0
328	29.0
329	1.0
330	1.0
331	7.0
332	7.0
333	7.0
334	7.0
335	7.0
336	7.0
337	7.0
338	1.0
339	1.0
340	2.0
341	2.0
342	1.0
343	1.0
344	1.0
345	1.0
346	1.0
347	1.0
348	2.0
349	2.0
350	5.0
351	5.0
352	5.0
353	5.0
354	5.0
355	1.0
356	1.0
357	9.0
358	9.0
359	9.0
360	9.0
361	9.0
362	9.0
363	9.0
364	9.0
365	9.0
366	1.0
367	2.0
368	2.0
369	1.0
370	31.0
371	31.0
372	31.0
373	31.0
374	31.0
375	31.0
376	31.0
377	31.0
378	31.0
379	31.0
380	31.0
381	31.0
382	31.0
383	31.0
384	31.0
385	31.0
386	31.0
387	31.0
388	31.0
389	31.0
390	31.0
391	31.0
392	31.0
393	31.0
394	31.0
395	31.0
396	31.0
397	31.0
398	31.0
399	31.0
400	31.0
401	1.0
402	1.0
403	23.0
404	23.0
405	23.0
406	23.0
407	23.0
408	23.0
409	23.0
410	23.0
411	23.0
412	23.0
413	23.0
414	23.0
415	23.0
416	23.0
417	23.0
418	23.0
419	23.0
420	23.0
421	23.0
422	23.0
423	23.0
424	23.0
425	23.0
426	1.0
427	2.0
428	2.0
429	1.0
430	1.0
431	1.0
432	1.0
433	1.0
434	2.0
435	2.0
436	1.0
437	39.0
438	39.0
439	39.0
440	39.0
441	39.0
442	39.0
443	39.0
444	39.0
445	39.0
446	39.0
447	39.0
448	39.0
449	39.0
450	39.0
451	39.0
452	39.0
453	39.0
454	39.0
455	39.0
456	39.0
457	39.0
458	39.0
459	39.0
460	39.0
461	39.0
462	39.0
463	39.0
464	39.0
465	39.0
466	39.0
467	39.0
468	39.0
469	39.0
470	39.0
471	39.0
472	39.0
473	39.0
474	39.0
475	39.0
476	1.0
477	1.0
478	1.0
479	1.0
480	1.0
481	3.0
482	3.0
483	3.0
484	1.0
485	5.0
486	5.0
487	5.0
488	5.0
489	5.0
490	2.0
491	2.0
492	1.0
493	1.0
494	1.0
495	1.0
496	1.0
497	2.0
498	2.0
499	21.0
500	21.0
501	21.0
502	21.0
503	21.0
504	21.0
505	21.0
506	21.0
507	21.0
508	21.0
509	21.0
510	21.0
511	21.0
512	21.0
513	21.0
514	21.0
515	21.0
516	21.0
517	21.0
518	21.0
519	21.0
520	1.0
521	1.0
522	1.0
523	1.0
524	1.0
525	6.0
526	6.0
527	6.0
528	6.0
529	6.0
530	6.0
531	3.0
532	3.0
533	3.0
534	11.0
535	11.0
536	11.0
537	11.0
538	11.0
539	11.0
540	11.0
541	11.0
542	11.0
543	11.0
544	11.0
545	1.0
546	9.0
547	9.0
548	9.0
549	9.0
550	9.0
551	9.0
552	9.0
553	9.0
554	9.0
555	1.0
556	1.0
557	1.0
558	1.0
559	2.0
560	2.0
561	2.0
562	2.0
563	1.0
564	1.0
565	1.0
566	1.0
567	1.0
568	1.0
569	1.0
570	1.0
571	9.0
572	9.0
573	9.0
574	9.0
575	9.0
576	9.0
577	9.0
578	9.0
579	9.0
580	1.0
581	1.0
582	2.0
583	2.0
584	5.0
585	5.0
586	5.0
587	5.0
588	5.0
589	1.0
590	1.0
591	2.0
592	2.0
593	1.0
594	1.0
595	1.0
596	1.0
597	12.0
598	12.0
599	12.0
600	12.0
601	12.0
602	12.0
603	12.0
604	12.0
605	12.0
606	12.0
607	12.0
608	12.0
609	1.0
610	1.0
611	3.0
612	3.0
613	3.0
614	1.0
615	1.0
616	11.0
617	11.0
618	11.0
619	11.0
620	11.0
621	11.0
622	11.0
623	11.0
624	11.0
625	11.0
626	11.0
627	1.0
628	1.0
629	1.0
630	1.0
631	3.0
632	3.0
633	3.0
634	1.0
635	1.0
636	2.0
637	2.0
638	1.0
639	7.0
640	7.0
641	7.0
642	7.0
643	7.0
644	7.0
645	7.0
646	1.0
647	1.0
648	3.0
649	3.0
650	3.0
651	1.0
652	1.0
653	8.0
654	8.0
655	8.0
656	8.0
657	8.0
658	8.0
659	8.0
660	8.0
661	3.0
662	3.0
663	3.0
664	1.0
665	20.0
666	20.0
667	20.0
668	20.0
669	20.0
670	20.0
671	20.0
672	20.0
673	20.0
674	20.0
675	20.0
676	20.0
677	20.0
678	20.0
679	20.0
680	20.0
681	20.0
682	20.0
683	20.0
684	20.0
685	19.0
686	19.0
687	19.0
688	19.0
689	19.0
690	19.0
691	19.0
692	19.0
693	19.0
694	19.0
695	19.0
696	19.0
697	19.0
698	19.0
699	19.0
700	19.0
701	19.0
702	19.0
703	19.0
704	1.0
705	1.0
706	1.0
707	2.0
708	2.0
709	1.0
710	6.0
711	6.0
712	6.0
713	6.0
714	6.0
715	6.0
716	1.0
717	3.0
718	3.0
719	3.0
720	1.0
721	7.0
722	7.0
723	7.0
724	7.0
725	7.0
726	7.0
727	7.0
728	1.0
729	3.0
730	3.0
731	3.0
732	1.0
733	1.0
734	1.0
735	1.0
736	1.0
737	1.0
738	4.0
739	4.0
740	4.0
741	4.0
742	2.0
743	2.0
744	4.0
745	4.0
746	4.0
747	4.0
748	1.0
749	9.0
750	9.0
751	9.0
752	9.0
753	9.0
754	9.0
755	9.0
756	9.0
757	9.0
758	1.0
759	1.0
760	1.0
761	5.0
762	5.0
763	5.0
764	5.0
765	5.0
766	2.0
767	2.0
768	1.0
769	1.0
770	1.0
771	2.0
772	2.0
773	1.0
774	1.0
775	1.0
776	1.0
777	1.0
778	1.0
779	1.0
780	2.0
781	2.0
782	1.0
783	10.0
784	10.0
785	10.0
786	10.0
787	10.0
788	10.0
789	10.0
790	10.0
791	10.0
792	10.0
793	1.0
794	1.0
795	1.0
796	1.0
797	2.0
798	2.0
799	1.0
800	1.0
801	20.0
802	20.0
803	20.0
804	20.0
805	20.0
806	20.0
807	20.0
808	20.0
809	20.0
810	20.0
811	20.0
812	20.0
813	20.0
814	20.0
815	20.0
816	20.0
817	20.0
818	20.0
819	20.0
820	20.0
821	1.0
822	1.0
823	1.0
824	1.0
825	1.0
826	1.0
827	1.0
828	22.0
829	22.0
830	22.0
831	22.0
832	22.0
833	22.0
834	22.0
835	22.0
836	22.0
837	22.0
838	22.0
839	22.0
840	22.0
841	22.0
842	22.0
843	22.0
844	22.0
845	22.0
846	22.0
847	22.0
848	22.0
849	22.0
850	1.0
851	1.0
852	1.0
853	1.0
854	1.0
855	1.0
856	2.0
857	2.0
858	1.0
859	4.0
860	4.0
861	4.0
862	4.0
863	10.0
864	10.0
865	10.0
866	10.0
867	10.0
868	10.0
869	10.0
870	10.0
871	10.0
872	10.0
873	1.0
874	1.0
875	1.0
876	1.0
877	2.0
878	2.0
879	1.0
880	24.0
881	24.0
882	24.0
883	24.0
884	24.0
885	24.0
886	24.0
887	24.0
888	24.0
889	24.0
890	24.0
891	24.0
892	24.0
893	24.0
894	24.0
895	24.0
896	24.0
897	24.0
898	24.0
899	24.0
900	24.0
901	24.0
902	24.0
903	24.0
904	2.0
905	2.0
906	1.0
907	1.0
908	1.0
909	1.0
910	1.0
911	1.0
912	2.0
913	2.0
914	1.0
915	1.0
916	1.0
917	1.0
918	3.0
919	3.0
920	3.0
921	6.0
922	6.0
923	6.0
924	6.0
925	6.0
926	6.0
927	1.0
928	1.0
929	1.0
930	1.0
931	1.0
932	1.0
933	1.0
934	7.0
935	7.0
936	7.0
937	7.0
938	7.0
939	7.0
940	7.0
941	1.0
942	1.0
943	1.0
944	1.0
945	22.0
946	22.0
947	22.0
948	22.0
949	22.0
950	22.0
951	22.0
952	22.0
953	22.0
954	22.0
955	22.0
956	22.0
957	22.0
958	22.0
959	22.0
960	22.0
961	22.0
962	22.0
963	22.0
964	22.0
965	22.0
966	22.0
967	1.0
968	1.0
969	1.0
970	6.0
971	6.0
972	6.0
973	6.0
974	6.0
975	6.0
976	2.0
977	2.0
978	1.0
979	1.0
980	1.0
981	1.0
982	1.0
983	1.0
984	1.0
985	1.0
986	2.0
987	2.0
988	1.0
989	1.0
990	1.0
991	1.0
992	1.0
993	1.0
994	21.0
995	21.0
996	21.0
997	21.0
998	21.0
999	21.0
1000	21.0
1001	21.0
1002	21.0
1003	21.0
1004	21.0
1005	21.0
1006	21.0
1007	21.0
1008	21.0
1009	21.0
1010	21.0
1011	21.0
1012	21.0
1013	21.0
1014	21.0
1015	1.0
1016	1.0
1017	1.0
1018	17.0
1019	17.0
1020	17.0
1021	17.0
1022	17.0
1023	17.0
1024	17.0
1025	17.0
1026	17.0
1027	17.0
1028	17.0
1029	17.0
1030	17.0
1031	17.0
1032	17.0
1033	17.0
1034	17.0
1035	1.0
1036	2.0
1037	2.0
1038	1.0
1039	1.0
1040	2.0
1041	2.0
1042	1.0
1043	1.0
1044	1.0
1045	8.0
1046	8.0
1047	8.0
1048	8.0
1049	8.0
1050	8.0
1051	8.0
1052	8.0
1053	1.0
1054	1.0
1055	1.0
1056	1.0
1057	1.0
1058	1.0
1059	1.0
1060	1.0
1061	1.0
1062	1.0
1063	1.0
1064	1.0
1065	1.0
1066	1.0
1067	1.0
1068	1.0
1069	2.0
1070	2.0
1071	10.0
1072	10.0
1073	10.0
1074	10.0
1075	10.0
1076	10.0
1077	10.0
1078	10.0
1079	10.0
1080	10.0
1081	1.0
1082	1.0
1083	1.0
1084	2.0
1085	2.0
1086	1.0
1087	1.0
1088	1.0
1089	1.0
1090	1.0
1091	1.0
1092	1.0
1093	1.0
1094	2.0
1095	2.0
1096	1.0
1097	1.0
1098	7.0
1099	7.0
1100	7.0
1101	7.0
1102	7.0
1103	7.0
1104	7.0
1105	12.0
1106	12.0
1107	12.0
1108	12.0
1109	12.0
1110	12.0
1111	12.0
1112	12.0
1113	12.0
1114	12.0
1115	12.0
1116	12.0
1117	1.0
1118	1.0
1119	1.0
1120	1.0
1121	3.0
1122	3.0
1123	3.0
1124	1.0
1125	1.0
1126	1.0
1127	1.0
1128	8.0
1129	8.0
1130	8.0
1131	8.0
1132	8.0
1133	8.0
1134	8.0
1135	8.0
1136	1.0
1137	1.0
1138	1.0
1139	1.0
1140	1.0
1141	1.0
1142	1.0
1143	1.0
1144	1.0
1145	1.0
1146	1.0
1147	1.0
1148	1.0
1149	1.0
1150	1.0
1151	1.0
1152	1.0
1153	8.0
1154	8.0
1155	8.0
1156	8.0
1157	8.0
1158	8.0
1159	8.0
1160	8.0
1161	1.0
1162	1.0
1163	1.0
1164	8.0
1165	8.0
1166	8.0
1167	8.0
1168	8.0
1169	8.0
1170	8.0
1171	8.0
1172	1.0
1173	1.0
1174	1.0
1175	1.0
1176	1.0
1177	8.0
1178	8.0
1179	8.0
1180	8.0
1181	8.0
1182	8.0
1183	8.0
1184	8.0
1185	1.0
1186	1.0
1187	4.0
1188	4.0
1189	4.0
1190	4.0
1191	1.0
1192	1.0
1193	1.0
1194	1.0
1195	1.0
1196	1.0
1197	1.0
1198	1.0
1199	1.0
1200	1.0
1201	1.0
1202	1.0
1203	5.0
1204	5.0
1205	5.0
1206	5.0
1207	5.0
1208	15.0
1209	15.0
1210	15.0
1211	15.0
1212	15.0
1213	15.0
1214	15.0
1215	15.0
1216	15.0
1217	15.0
1218	15.0
1219	15.0
1220	15.0
1221	15.0
1222	15.0
1223	1.0
1224	1.0
1225	1.0
1226	1.0
1227	1.0
1228	1.0
1229	1.0
1230	6.0
1231	6.0
1232	6.0
1233	6.0
1234	6.0
1235	6.0
1236	14.0
1237	14.0
1238	14.0
1239	14.0
1240	14.0
1241	14.0
1242	14.0
1243	14.0
1244	14.0
1245	14.0
1246	14.0
1247	14.0
1248	14.0
1249	14.0
1250	24.0
1251	24.0
1252	24.0
1253	24.0
1254	24.0
1255	24.0
1256	24.0
1257	24.0
1258	24.0
1259	24.0
1260	24.0
1261	24.0
1262	24.0
1263	24.0
1264	24.0
1265	24.0
1266	24.0
1267	24.0
1268	24.0
1269	24.0
1270	24.0
1271	24.0
1272	24.0
1273	24.0
1274	1.0
1275	1.0
1276	1.0
1277	1.0
1278	1.0
1279	1.0
1280	1.0
1281	7.0
1282	7.0
1283	7.0
1284	7.0
1285	7.0
1286	7.0
1287	7.0
1288	1.0
1289	1.0
1290	1.0
1291	2.0
1292	2.0
1293	1.0
1294	2.0
1295	2.0
1296	2.0
1297	2.0
1298	3.0
1299	3.0
1300	3.0
1301	1.0
1302	2.0
1303	2.0
1304	6.0
1305	6.0
1306	6.0
1307	6.0
1308	6.0
1309	6.0
1310	4.0
1311	4.0
1312	4.0
1313	4.0
1314	1.0
1315	1.0
1316	1.0
1317	2.0
1318	2.0
1319	1.0
1320	1.0
1321	1.0
1322	1.0
1323	1.0
1324	1.0
1325	1.0
1326	1.0
1327	6.0
1328	6.0
1329	6.0
1330	6.0
1331	6.0
1332	6.0
1333	8.0
1334	8.0
1335	8.0
1336	8.0
1337	8.0
1338	8.0
1339	8.0
1340	8.0
1341	1.0
1342	1.0
1343	1.0
1344	1.0
1345	1.0
1346	1.0
1347	1.0
1348	1.0
1349	1.0
1350	1.0
1351	1.0
1352	1.0
1353	4.0
1354	4.0
1355	4.0
1356	4.0
1357	1.0
1358	1.0
1359	7.0
1360	7.0
1361	7.0
1362	7.0
1363	7.0
1364	7.0
1365	7.0
1366	3.0
1367	3.0
1368	3.0
1369	1.0
1370	1.0
1371	2.0
1372	2.0
1373	9.0
1374	9.0
1375	9.0
1376	9.0
1377	9.0
1378	9.0
1379	9.0
1380	9.0
1381	9.0
1382	1.0
1383	1.0
1384	1.0
1385	1.0
1386	1.0
1387	2.0
1388	2.0
1389	1.0
1390	1.0
1391	1.0
1392	1.0
1393	2.0
1394	2.0
1395	1.0
1396	2.0
1397	2.0
1398	1.0
1399	2.0
1400	2.0
1401	3.0
1402	3.0
1403	3.0
1404	2.0
1405	2.0
1406	2.0
1407	2.0
1408	1.0
1409	1.0
1410	1.0
1411	2.0
1412	2.0
1413	7.0
1414	7.0
1415	7.0
1416	7.0
1417	7.0
1418	7.0
1419	7.0
1420	15.0
1421	15.0
1422	15.0
1423	15.0
1424	15.0
1425	15.0
1426	15.0
1427	15.0
1428	15.0
1429	15.0
1430	15.0
1431	15.0
1432	15.0
1433	15.0
1434	15.0
1435	2.0
1436	2.0
1437	2.0
1438	2.0
1439	1.0
1440	2.0
1441	2.0
1442	1.0
1443	2.0
1444	2.0
1445	1.0
1446	1.0
1447	1.0
1448	1.0
1449	22.0
1450	22.0
1451	22.0
1452	22.0
1453	22.0
1454	22.0
1455	22.0
1456	22.0
1457	22.0
1458	22.0
1459	22.0
1460	22.0
1461	22.0
1462	22.0
1463	22.0
1464	22.0
1465	22.0
1466	22.0
1467	22.0
1468	22.0
1469	22.0
1470	22.0
1471	5.0
1472	5.0
1473	5.0
1474	5.0
1475	5.0
1476	1.0
1477	6.0
1478	6.0
1479	6.0
1480	6.0
1481	6.0
1482	6.0
1483	1.0
1484	1.0
1485	1.0
1486	1.0
1487	1.0
1488	5.0
1489	5.0
1490	5.0
1491	5.0
1492	5.0
1493	1.0
1494	7.0
1495	7.0
1496	7.0
1497	7.0
1498	7.0
1499	7.0
1500	7.0
1501	1.0
1502	1.0
1503	7.0
1504	7.0
1505	7.0
1506	7.0
1507	7.0
1508	7.0
1509	7.0
1510	1.0
1511	1.0
1512	7.0
1513	7.0
1514	7.0
1515	7.0
1516	7.0
1517	7.0
1518	7.0
1519	1.0
1520	8.0
1521	8.0
1522	8.0
1523	8.0
1524	8.0
1525	8.0
1526	8.0
1527	8.0
1528	1.0
1529	2.0
1530	2.0
1531	1.0
1532	1.0
1533	1.0
1534	1.0
1535	1.0
1536	1.0
1537	1.0
1538	1.0
1539	1.0
1540	1.0
1541	1.0
1542	1.0
1543	1.0
1544	1.0
1545	1.0
1546	9.0
1547	9.0
1548	9.0
1549	9.0
1550	9.0
1551	9.0
1552	9.0
1553	9.0
1554	9.0
1555	20.0
1556	20.0
1557	20.0
1558	20.0
1559	20.0
1560	20.0
1561	20.0
1562	20.0
1563	20.0
1564	20.0
1565	20.0
1566	20.0
1567	20.0
1568	20.0
1569	20.0
1570	20.0
1571	20.0
1572	20.0
1573	20.0
1574	20.0
1575	1.0
1576	1.0
1577	1.0
1578	1.0
1579	1.0
1580	1.0
1581	1.0
1582	1.0
1583	2.0
1584	2.0
1585	1.0
1586	6.0
1587	6.0
1588	6.0
1589	6.0
1590	6.0
1591	6.0
1592	1.0
1593	2.0
1594	2.0
1595	1.0
1596	1.0
1597	2.0
1598	2.0
1599	16.0
1600	16.0
1601	16.0
1602	16.0
1603	16.0
1604	16.0
1605	16.0
1606	16.0
1607	16.0
1608	16.0
1609	16.0
1610	16.0
1611	16.0
1612	16.0
1613	16.0
1614	16.0
1615	9.0
1616	9.0
1617	9.0
1618	9.0
1619	9.0
1620	9.0
1621	9.0
1622	9.0
1623	9.0
1624	1.0
1625	1.0
1626	1.0
1627	1.0
1628	1.0
1629	1.0
1630	7.0
1631	7.0
1632	7.0
1633	7.0
1634	7.0
1635	7.0
1636	7.0
1637	1.0
1638	11.0
1639	11.0
1640	11.0
1641	11.0
1642	11.0
1643	11.0
1644	11.0
1645	11.0
1646	11.0
1647	11.0
1648	11.0
1649	1.0
1650	1.0
1651	1.0
1652	7.0
1653	7.0
1654	7.0
1655	7.0
1656	7.0
1657	7.0
1658	7.0
1659	1.0
1660	1.0
1661	6.0
1662	6.0
1663	6.0
1664	6.0
1665	6.0
1666	6.0
1667	1.0
1668	1.0
1669	1.0
1670	1.0
1671	10.0
1672	10.0
1673	10.0
1674	10.0
1675	10.0
1676	10.0
1677	10.0
1678	10.0
1679	10.0
1680	10.0
1681	1.0
1682	3.0
1683	3.0
1684	3.0
1685	1.0
1686	3.0
1687	3.0
1688	3.0
1689	1.0
1690	2.0
1691	2.0
1692	1.0
1693	1.0
1694	36.0
1695	36.0
1696	36.0
1697	36.0
1698	36.0
1699	36.0
1700	36.0
1701	36.0
1702	36.0
1703	36.0
1704	36.0
1705	36.0
1706	36.0
1707	36.0
1708	36.0
1709	36.0
1710	36.0
1711	36.0
1712	36.0
1713	36.0
1714	36.0
1715	36.0
1716	36.0
1717	36.0
1718	36.0
1719	36.0
1720	36.0
1721	36.0
1722	36.0
1723	36.0
1724	36.0
1725	36.0
1726	36.0
1727	36.0
1728	36.0
1729	36.0
1730	1.0
1731	1.0
1732	1.0
1733	1.0
1734	1.0
1735	1.0
1736	2.0
1737	2.0
1738	1.0
1739	30.0
1740	30.0
1741	30.0
1742	30.0
1743	30.0
1744	30.0
1745	30.0
1746	30.0
1747	30.0
1748	30.0
1749	30.0
1750	30.0
1751	30.0
1752	30.0
1753	30.0
1754	30.0
1755	30.0
1756	30.0
1757	30.0
1758	30.0
1759	30.0
1760	30.0
1761	30.0
1762	30.0
1763	30.0
1764	30.0
1765	30.0
1766	30.0
1767	30.0
1768	30.0
1769	2.0
1770	2.0
1771	1.0
1772	3.0
1773	3.0
1774	3.0
1775	7.0
1776	7.0
1777	7.0
1778	7.0
1779	7.0
1780	7.0
1781	7.0
1782	1.0
1783	1.0
1784	1.0
1785	1.0
1786	1.0
1787	1.0
1788	1.0
1789	9.0
1790	9.0
1791	9.0
1792	9.0
1793	9.0
1794	9.0
1795	9.0
1796	9.0
1797	9.0
1798	9.0
1799	9.0
1800	9.0
1801	9.0
1802	9.0
1803	9.0
1804	9.0
1805	9.0
1806	9.0
1807	2.0
1808	2.0
1809	1.0
1810	1.0
1811	1.0
1812	1.0
1813	1.0
1814	1.0
1815	2.0
1816	2.0
1817	1.0
1818	1.0
1819	12.0
1820	12.0
1821	12.0
1822	12.0
1823	12.0
1824	12.0
1825	12.0
1826	12.0
1827	12.0
1828	12.0
1829	12.0
1830	12.0
1831	1.0
1832	1.0
1833	12.0
1834	12.0
1835	12.0
1836	12.0
1837	12.0
1838	12.0
1839	12.0
1840	12.0
1841	12.0
1842	12.0
1843	12.0
1844	12.0
1845	2.0
1846	2.0
1847	1.0
1848	1.0
1849	1.0
1850	1.0
1851	1.0
1852	6.0
1853	6.0
1854	6.0
1855	6.0
1856	6.0
1857	6.0
1858	1.0
1859	6.0
1860	6.0
1861	6.0
1862	6.0
1863	6.0
1864	6.0
1865	2.0
1866	2.0
1867	2.0
1868	2.0
1869	2.0
1870	2.0
1871	1.0
1872	1.0
1873	1.0
1874	2.0
1875	2.0
1876	1.0
1877	27.0
1878	27.0
1879	27.0
1880	27.0
1881	27.0
1882	27.0
1883	27.0
1884	27.0
1885	27.0
1886	27.0
1887	27.0
1888	27.0
1889	27.0
1890	27.0
1891	27.0
1892	27.0
1893	27.0
1894	27.0
1895	27.0
1896	27.0
1897	27.0
1898	27.0
1899	27.0
1900	27.0
1901	27.0
1902	27.0
1903	27.0
1904	1.0
1905	1.0
1906	2.0
1907	2.0
1908	1.0
1909	2.0
1910	2.0
1911	1.0
1912	2.0
1913	2.0
1914	1.0
1915	1.0
1916	1.0
1917	7.0
1918	7.0
1919	7.0
1920	7.0
1921	7.0
1922	7.0
1923	7.0
1924	2.0
1925	2.0
1926	3.0
1927	3.0
1928	3.0
1929	30.0
1930	30.0
1931	30.0
1932	30.0
1933	30.0
1934	30.0
1935	30.0
1936	30.0
1937	30.0
1938	30.0
1939	30.0
1940	30.0
1941	30.0
1942	30.0
1943	30.0
1944	30.0
1945	30.0
1946	30.0
1947	30.0
1948	30.0
1949	30.0
1950	30.0
1951	30.0
1952	30.0
1953	30.0
1954	30.0
1955	30.0
1956	30.0
1957	30.0
1958	30.0
1959	9.0
1960	9.0
1961	9.0
1962	9.0
1963	9.0
1964	9.0
1965	9.0
1966	9.0
1967	9.0
1968	1.0
1969	1.0
1970	1.0
1971	1.0
1972	1.0
1973	1.0
1974	1.0
1975	2.0
1976	2.0
1977	2.0
1978	2.0
1979	1.0
1980	6.0
1981	6.0
1982	6.0
1983	6.0
1984	6.0
1985	6.0
1986	7.0
1987	7.0
1988	7.0
1989	7.0
1990	7.0
1991	7.0
1992	7.0
1993	1.0
1994	1.0
1995	4.0
1996	4.0
1997	4.0
1998	4.0
1999	1.0
2000	1.0
2001	2.0
2002	2.0
2003	1.0
2004	2.0
2005	2.0
2006	1.0
2007	7.0
2008	7.0
2009	7.0
2010	7.0
2011	7.0
2012	7.0
2013	7.0
2014	23.0
2015	23.0
2016	23.0
2017	23.0
2018	23.0
2019	23.0
2020	23.0
2021	23.0
2022	23.0
2023	23.0
2024	23.0
2025	23.0
2026	23.0
2027	23.0
2028	23.0
2029	23.0
2030	23.0
2031	23.0
2032	23.0
2033	23.0
2034	23.0
2035	23.0
2036	23.0
2037	2.0
2038	2.0
2039	1.0
2040	1.0
2041	1.0
2042	1.0
2043	3.0
2044	3.0
2045	3.0
2046	1.0
2047	1.0
2048	1.0
2049	2.0
2050	2.0
2051	3.0
2052	3.0
2053	3.0
2054	1.0
2055	2.0
2056	2.0
2057	1.0
2058	1.0
2059	19.0
2060	19.0
2061	19.0
2062	19.0
2063	19.0
2064	19.0
2065	19.0
2066	19.0
2067	19.0
2068	19.0
2069	19.0
2070	19.0
2071	19.0
2072	19.0
2073	19.0
2074	19.0
2075	19.0
2076	19.0
2077	19.0
2078	1.0
2079	1.0
2080	2.0
2081	2.0
2082	3.0
2083	3.0
2084	3.0
2085	1.0
2086	1.0
2087	1.0
2088	1.0
2089	1.0
2090	1.0
2091	4.0
2092	4.0
2093	4.0
2094	4.0
2095	2.0
2096	2.0
2097	1.0
2098	27.0
2099	27.0
2100	27.0
2101	27.0
2102	27.0
2103	27.0
2104	27.0
2105	27.0
2106	27.0
2107	27.0
2108	27.0
2109	27.0
2110	27.0
2111	27.0
2112	27.0
2113	27.0
2114	27.0
2115	27.0
2116	27.0
2117	27.0
2118	27.0
2119	27.0
2120	27.0
2121	27.0
2122	27.0
2123	27.0
2124	27.0
2125	1.0
2126	3.0
2127	3.0
2128	3.0
2129	1.0
2130	2.0
2131	2.0
2132	1.0
2133	1.0
2134	1.0
2135	1.0
2136	1.0
2137	1.0
2138	1.0
2139	31.0
2140	31.0
2141	31.0
2142	31.0
2143	31.0
2144	31.0
2145	31.0
2146	31.0
2147	31.0
2148	31.0
2149	31.0
2150	31.0
2151	31.0
2152	31.0
2153	31.0
2154	31.0
2155	31.0
2156	31.0
2157	31.0
2158	31.0
2159	31.0
2160	31.0
2161	31.0
2162	31.0
2163	31.0
2164	31.0
2165	31.0
2166	31.0
2167	31.0
2168	31.0
2169	31.0
2170	10.0
2171	10.0
2172	10.0
2173	10.0
2174	10.0
2175	10.0
2176	10.0
2177	10.0
2178	10.0
2179	10.0
2180	2.0
2181	2.0
2182	2.0
2183	2.0
2184	1.0
2185	1.0
2186	1.0
2187	1.0
2188	3.0
2189	3.0
2190	3.0
2191	9.0
2192	9.0
2193	9.0
2194	9.0
2195	9.0
2196	9.0
2197	9.0
2198	9.0
2199	9.0
2200	2.0
2201	2.0
2202	1.0
2203	2.0
2204	2.0
2205	1.0
2206	2.0
2207	2.0
2208	1.0
2209	1.0
2210	1.0
2211	1.0
2212	1.0
2213	1.0
2214	1.0
2215	1.0
2216	1.0
2217	1.0
2218	1.0
2219	1.0
2220	3.0
2221	3.0
2222	3.0
2223	1.0
2224	1.0
2225	1.0
2226	2.0
2227	2.0
2228	1.0
2229	9.0
2230	9.0
2231	9.0
2232	9.0
2233	9.0
2234	9.0
2235	9.0
2236	9.0
2237	9.0
2238	1.0
2239	1.0
2240	1.0
2241	1.0
2242	4.0
2243	4.0
2244	4.0
2245	4.0
2246	1.0
2247	1.0
2248	2.0
2249	2.0
2250	1.0
2251	1.0
2252	1.0
2253	11.0
2254	11.0
2255	11.0
2256	11.0
2257	11.0
2258	11.0
2259	11.0
2260	11.0
2261	11.0
2262	11.0
2263	11.0
2264	4.0
2265	4.0
2266	4.0
2267	4.0
2268	11.0
2269	11.0
2270	11.0
2271	11.0
2272	11.0
2273	11.0
2274	11.0
2275	11.0
2276	11.0
2277	11.0
2278	11.0
2279	1.0
2280	2.0
2281	2.0
2282	4.0
2283	4.0
2284	4.0
2285	4.0
2286	1.0
2287	1.0
2288	1.0
2289	1.0
2290	1.0
2291	1.0
2292	9.0
2293	9.0
2294	9.0
2295	9.0
2296	9.0
2297	9.0
2298	9.0
2299	9.0
2300	9.0
2301	1.0
2302	1.0
2303	1.0
2304	1.0
2305	1.0
2306	4.0
2307	4.0
2308	4.0
2309	4.0
2310	1.0
2311	1.0
2312	1.0
2313	1.0
2314	1.0
2315	9.0
2316	9.0
2317	9.0
2318	9.0
2319	9.0
2320	9.0
2321	9.0
2322	9.0
2323	9.0
2324	1.0
2325	2.0
2326	2.0
2327	1.0
2328	1.0
2329	1.0
2330	1.0
2331	1.0
2332	2.0
2333	2.0
2334	1.0
2335	1.0
2336	1.0
2337	1.0
2338	1.0
2339	3.0
2340	3.0
2341	3.0
2342	9.0
2343	9.0
2344	9.0
2345	9.0
2346	9.0
2347	9.0
2348	9.0
2349	9.0
2350	9.0
2351	1.0
2352	1.0
2353	1.0
2354	1.0
2355	1.0
2356	7.0
2357	7.0
2358	7.0
2359	7.0
2360	7.0
2361	7.0
2362	7.0
2363	4.0
2364	4.0
2365	4.0
2366	4.0
2367	1.0
2368	1.0
2369	1.0
2370	2.0
2371	2.0
2372	1.0
2373	1.0
2374	3.0
2375	3.0
2376	3.0
2377	1.0
2378	5.0
2379	5.0
2380	5.0
2381	5.0
2382	5.0
2383	1.0
2384	3.0
2385	3.0
2386	3.0
2387	1.0
2388	1.0
2389	1.0
2390	1.0
2391	1.0
2392	3.0
2393	3.0
2394	3.0
2395	1.0
2396	1.0
2397	7.0
2398	7.0
2399	7.0
2400	7.0
2401	7.0
2402	7.0
2403	7.0
2404	1.0
2405	1.0
2406	2.0
2407	2.0
2408	1.0
2409	1.0
2410	1.0
2411	1.0
2412	2.0
2413	2.0
2414	1.0
2415	2.0
2416	2.0
2417	19.0
2418	19.0
2419	19.0
2420	19.0
2421	19.0
2422	19.0
2423	19.0
2424	19.0
2425	19.0
2426	19.0
2427	19.0
2428	19.0
2429	19.0
2430	19.0
2431	19.0
2432	19.0
2433	19.0
2434	19.0
2435	19.0
2436	1.0
2437	6.0
2438	6.0
2439	6.0
2440	6.0
2441	6.0
2442	6.0
2443	1.0
2444	1.0
2445	1.0
2446	1.0
2447	3.0
2448	3.0
2449	3.0
2450	8.0
2451	8.0
2452	8.0
2453	8.0
2454	8.0
2455	8.0
2456	8.0
2457	8.0
2458	1.0
2459	1.0
2460	1.0
2461	3.0
2462	3.0
2463	3.0
2464	1.0
2465	2.0
2466	2.0
2467	1.0
2468	2.0
2469	2.0
2470	26.0
2471	26.0
2472	26.0
2473	26.0
2474	26.0
2475	26.0
2476	26.0
2477	26.0
2478	26.0
2479	26.0
2480	26.0
2481	26.0
2482	26.0
2483	26.0
2484	26.0
2485	26.0
2486	26.0
2487	26.0
2488	26.0
2489	26.0
2490	26.0
2491	26.0
2492	26.0
2493	26.0
2494	26.0
2495	26.0
2496	3.0
2497	3.0
2498	3.0
2499	23.0
2500	23.0
2501	23.0
2502	23.0
2503	23.0
2504	23.0
2505	23.0
2506	23.0
2507	23.0
2508	23.0
2509	23.0
2510	23.0
2511	23.0
2512	23.0
2513	23.0
2514	23.0
2515	23.0
2516	23.0
2517	23.0
2518	23.0
2519	23.0
2520	23.0
2521	23.0
2522	2.0
2523	2.0
2524	1.0
2525	2.0
2526	2.0
2527	1.0
2528	1.0
2529	1.0
2530	1.0
2531	1.0
2532	4.0
2533	4.0
2534	4.0
2535	4.0
2536	1.0
2537	1.0
2538	1.0
2539	1.0
2540	22.0
2541	22.0
2542	22.0
2543	22.0
2544	22.0
2545	22.0
2546	22.0
2547	22.0
2548	22.0
2549	22.0
2550	22.0
2551	22.0
2552	22.0
2553	22.0
2554	22.0
2555	22.0
2556	22.0
2557	22.0
2558	22.0
2559	22.0
2560	22.0
2561	22.0
2562	1.0
2563	1.0
2564	1.0
2565	1.0
2566	1.0
2567	1.0
2568	1.0
2569	1.0
2570	1.0
2571	1.0
2572	1.0
2573	3.0
2574	3.0
2575	3.0
2576	1.0
2577	1.0
2578	1.0
2579	19.0
2580	19.0
2581	19.0
2582	19.0
2583	19.0
2584	19.0
2585	19.0
2586	19.0
2587	19.0
2588	19.0
2589	19.0
2590	19.0
2591	19.0
2592	19.0
2593	19.0
2594	19.0
2595	19.0
2596	19.0
2597	19.0
2598	1.0
2599	1.0
2600	1.0
2601	3.0
2602	3.0
2603	3.0
2604	1.0
2605	1.0
2606	1.0
2607	1.0
2608	1.0
2609	1.0
2610	1.0
2611	2.0
2612	2.0
2613	1.0
2614	21.0
2615	21.0
2616	21.0
2617	21.0
2618	21.0
2619	21.0
2620	21.0
2621	21.0
2622	21.0
2623	21.0
2624	21.0
2625	21.0
2626	21.0
2627	21.0
2628	21.0
2629	21.0
2630	21.0
2631	21.0
2632	21.0
2633	21.0
2634	21.0
2635	1.0
2636	1.0
2637	1.0
2638	1.0
2639	1.0
2640	1.0
2641	1.0
2642	1.0
2643	2.0
2644	2.0
2645	1.0
2646	1.0
2647	1.0
2648	1.0
2649	1.0
2650	1.0
2651	1.0
2652	3.0
2653	3.0
2654	3.0
2655	1.0
2656	23.0
2657	23.0
2658	23.0
2659	23.0
2660	23.0
2661	23.0
2662	23.0
2663	23.0
2664	23.0
2665	23.0
2666	23.0
2667	23.0
2668	23.0
2669	23.0
2670	23.0
2671	23.0
2672	23.0
2673	23.0
2674	23.0
2675	23.0
2676	23.0
2677	23.0
2678	23.0
2679	1.0
2680	22.0
2681	22.0
2682	22.0
2683	22.0
2684	22.0
2685	22.0
2686	22.0
2687	22.0
2688	22.0
2689	22.0
2690	22.0
2691	22.0
2692	22.0
2693	22.0
2694	22.0
2695	22.0
2696	22.0
2697	22.0
2698	22.0
2699	22.0
2700	22.0
2701	22.0
2702	1.0
2703	1.0
2704	2.0
2705	2.0
2706	1.0
2707	1.0
2708	1.0
2709	3.0
2710	3.0
2711	3.0
2712	1.0
2713	1.0
2714	1.0
2715	1.0
2716	1.0
2717	1.0
2718	1.0
2719	13.0
2720	13.0
2721	13.0
2722	13.0
2723	13.0
2724	13.0
2725	13.0
2726	13.0
2727	13.0
2728	13.0
2729	13.0
2730	13.0
2731	13.0
2732	1.0
2733	19.0
2734	19.0
2735	19.0
2736	19.0
2737	19.0
2738	19.0
2739	19.0
2740	19.0
2741	19.0
2742	19.0
2743	19.0
2744	19.0
2745	19.0
2746	19.0
2747	19.0
2748	19.0
2749	19.0
2750	19.0
2751	19.0
2752	1.0
2753	1.0
2754	1.0
2755	1.0
2756	1.0
2757	3.0
2758	3.0
2759	3.0
2760	1.0
2761	1.0
2762	1.0
2763	1.0
2764	1.0
2765	1.0
2766	1.0
2767	1.0
2768	13.0
2769	13.0
2770	13.0
2771	13.0
2772	13.0
2773	13.0
2774	13.0
2775	13.0
2776	13.0
2777	13.0
2778	13.0
2779	13.0
2780	13.0
2781	1.0
2782	1.0
2783	1.0
2784	1.0
2785	1.0
2786	1.0
2787	1.0
2788	1.0
2789	1.0
2790	1.0
2791	1.0
2792	1.0
2793	1.0
2794	1.0
2795	1.0
2796	19.0
2797	19.0
2798	19.0
2799	19.0
2800	19.0
2801	19.0
2802	19.0
2803	19.0
2804	19.0
2805	19.0
2806	19.0
2807	19.0
2808	19.0
2809	19.0
2810	19.0
2811	19.0
2812	19.0
2813	19.0
2814	19.0
2815	1.0
2816	1.0
2817	1.0
2818	1.0
2819	1.0
2820	3.0
2821	3.0
2822	3.0
2823	1.0
2824	1.0
2825	1.0
2826	1.0
2827	1.0
2828	1.0
2829	1.0
2830	1.0
2831	1.0
2832	1.0
2833	21.0
2834	21.0
2835	21.0
2836	21.0
2837	21.0
2838	21.0
2839	21.0
2840	21.0
2841	21.0
2842	21.0
2843	21.0
2844	21.0
2845	21.0
2846	21.0
2847	21.0
2848	21.0
2849	21.0
2850	21.0
2851	21.0
2852	21.0
2853	21.0
2854	1.0
2855	1.0
2856	3.0
2857	3.0
2858	3.0
2859	1.0
2860	1.0
2861	1.0
2862	1.0
2863	1.0
2864	1.0
2865	23.0
2866	23.0
2867	23.0
2868	23.0
2869	23.0
2870	23.0
2871	23.0
2872	23.0
2873	23.0
2874	23.0
2875	23.0
2876	23.0
2877	23.0
2878	23.0
2879	23.0
2880	23.0
2881	23.0
2882	23.0
2883	23.0
2884	23.0
2885	23.0
2886	23.0
2887	23.0
2888	1.0
2889	17.0
2890	17.0
2891	17.0
2892	17.0
2893	17.0
2894	17.0
2895	17.0
2896	17.0
2897	17.0
2898	17.0
2899	17.0
2900	17.0
2901	17.0
2902	17.0
2903	17.0
2904	17.0
2905	17.0
2906	4.0
2907	4.0
2908	4.0
2909	4.0
2910	1.0
2911	1.0
2912	1.0
2913	1.0
2914	2.0
2915	2.0
2916	1.0
2917	1.0
2918	1.0
2919	1.0
2920	1.0
2921	2.0
2922	2.0
2923	1.0
2924	1.0
2925	1.0
2926	2.0
2927	2.0
2928	2.0
2929	2.0
2930	3.0
2931	3.0
2932	3.0
2933	1.0
2934	1.0
2935	1.0
2936	1.0
2937	1.0
2938	6.0
2939	6.0
2940	6.0
2941	6.0
2942	6.0
2943	6.0
2944	4.0
2945	4.0
2946	4.0
2947	4.0
2948	1.0
2949	8.0
2950	8.0
2951	8.0
2952	8.0
2953	8.0
2954	8.0
2955	8.0
2956	8.0
2957	1.0
2958	1.0
2959	1.0
2960	3.0
2961	3.0
2962	3.0
2963	1.0
2964	1.0
2965	1.0
2966	1.0
2967	1.0
2968	1.0
2969	1.0
2970	1.0
2971	1.0
2972	1.0
2973	1.0
2974	1.0
2975	1.0
2976	2.0
2977	2.0
2978	8.0
2979	8.0
2980	8.0
2981	8.0
2982	8.0
2983	8.0
2984	8.0
2985	8.0
2986	2.0
2987	2.0
2988	1.0
2989	1.0
2990	5.0
2991	5.0
2992	5.0
2993	5.0
2994	5.0
2995	1.0
2996	1.0
2997	2.0
2998	2.0
2999	2.0
3000	2.0
3001	1.0
3002	1.0
3003	1.0
3004	1.0
3005	6.0
3006	6.0
3007	6.0
3008	6.0
3009	6.0
3010	6.0
3011	1.0
3012	1.0
3013	1.0
3014	1.0
3015	4.0
3016	4.0
3017	4.0
3018	4.0
3019	1.0
3020	6.0
3021	6.0
3022	6.0
3023	6.0
3024	6.0
3025	6.0
3026	1.0
3027	2.0
3028	2.0
3029	1.0
3030	1.0
3031	1.0
3032	1.0
3033	1.0
3034	1.0
3035	1.0
3036	5.0
3037	5.0
3038	5.0
3039	5.0
3040	5.0
3041	8.0
3042	8.0
3043	8.0
3044	8.0
3045	8.0
3046	8.0
3047	8.0
3048	8.0
3049	1.0
3050	1.0
3051	1.0
3052	1.0
3053	1.0
3054	1.0
3055	1.0
3056	1.0
3057	1.0
3058	2.0
3059	2.0
3060	1.0
3061	1.0
3062	1.0
3063	3.0
3064	3.0
3065	3.0
3066	1.0
3067	1.0
3068	1.0
3069	13.0
3070	13.0
3071	13.0
3072	13.0
3073	13.0
3074	13.0
3075	13.0
3076	13.0
3077	13.0
3078	13.0
3079	13.0
3080	13.0
3081	13.0
3082	5.0
3083	5.0
3084	5.0
3085	5.0
3086	5.0
3087	6.0
3088	6.0
3089	6.0
3090	6.0
3091	6.0
3092	6.0
3093	1.0
3094	1.0
3095	1.0
3096	1.0
3097	3.0
3098	3.0
3099	3.0
3100	1.0
3101	1.0
3102	1.0
3103	1.0
3104	1.0
3105	13.0
3106	13.0
3107	13.0
3108	13.0
3109	13.0
3110	13.0
3111	13.0
3112	13.0
3113	13.0
3114	13.0
3115	13.0
3116	13.0
3117	13.0
3118	1.0
3119	1.0
3120	1.0
3121	1.0
3122	1.0
3123	2.0
3124	2.0
3125	2.0
3126	2.0
3127	1.0
3128	1.0
3129	1.0
3130	1.0
3131	1.0
3132	1.0
3133	2.0
3134	2.0
3135	1.0
3136	1.0
3137	9.0
3138	9.0
3139	9.0
3140	9.0
3141	9.0
3142	9.0
3143	9.0
3144	9.0
3145	9.0
3146	1.0
3147	1.0
3148	1.0
3149	1.0
3150	1.0
3151	1.0
3152	1.0
3153	15.0
3154	15.0
3155	15.0
3156	15.0
3157	15.0
3158	15.0
3159	15.0
3160	15.0
3161	15.0
3162	15.0
3163	15.0
3164	15.0
3165	15.0
3166	15.0
3167	15.0
3168	1.0
3169	1.0
3170	1.0
3171	1.0
3172	1.0
3173	1.0
3174	1.0
3175	1.0
3176	1.0
3177	5.0
3178	5.0
3179	5.0
3180	5.0
3181	5.0
3182	1.0
3183	1.0
3184	1.0
3185	1.0
3186	1.0
3187	1.0
3188	1.0
3189	1.0
3190	8.0
3191	8.0
3192	8.0
3193	8.0
3194	8.0
3195	8.0
3196	8.0
3197	8.0
3198	1.0
3199	1.0
3200	1.0
3201	1.0
3202	4.0
3203	4.0
3204	4.0
3205	4.0
3206	1.0
3207	1.0
3208	1.0
3209	9.0
3210	9.0
3211	9.0
3212	9.0
3213	9.0
3214	9.0
3215	9.0
3216	9.0
3217	9.0
3218	1.0
3219	2.0
3220	2.0
3221	1.0
3222	1.0
3223	1.0
3224	1.0
3225	1.0
3226	1.0
3227	1.0
3228	1.0
3229	6.0
3230	6.0
3231	6.0
3232	6.0
3233	6.0
3234	6.0
3235	1.0
3236	1.0
3237	1.0
3238	1.0
3239	1.0
3240	1.0
3241	1.0
3242	1.0
3243	2.0
3244	2.0
3245	1.0
3246	1.0
3247	1.0
3248	1.0
3249	1.0
3250	8.0
3251	8.0
3252	8.0
3253	8.0
3254	8.0
3255	8.0
3256	8.0
3257	8.0
3258	1.0
3259	1.0
3260	9.0
3261	9.0
3262	9.0
3263	9.0
3264	9.0
3265	9.0
3266	9.0
3267	9.0
3268	9.0
3269	1.0
3270	1.0
3271	1.0
3272	1.0
3273	1.0
3274	1.0
3275	1.0
3276	1.0
3277	1.0
3278	1.0
3279	1.0
3280	25.0
3281	25.0
3282	25.0
3283	25.0
3284	25.0
3285	25.0
3286	25.0
3287	25.0
3288	25.0
3289	25.0
3290	25.0
3291	25.0
3292	25.0
3293	25.0
3294	25.0
3295	25.0
3296	25.0
3297	25.0
3298	25.0
3299	25.0
3300	25.0
3301	25.0
3302	25.0
3303	25.0
3304	25.0
3305	1.0
3306	5.0
3307	5.0
3308	5.0
3309	5.0
3310	5.0
3311	2.0
3312	2.0
3313	1.0
3314	1.0
3315	2.0
3316	2.0
3317	5.0
3318	5.0
3319	5.0
3320	5.0
3321	5.0
3322	2.0
3323	2.0
3324	1.0
3325	1.0
3326	1.0
3327	1.0
3328	8.0
3329	8.0
3330	8.0
3331	8.0
3332	8.0
3333	8.0
3334	8.0
3335	8.0
3336	2.0
3337	2.0
3338	1.0
3339	1.0
3340	1.0
3341	1.0
3342	1.0
3343	1.0
3344	1.0
3345	1.0
3346	1.0
3347	1.0
3348	1.0
3349	1.0
3350	1.0
3351	3.0
3352	3.0
3353	3.0
3354	1.0
3355	2.0
3356	2.0
3357	4.0
3358	4.0
3359	4.0
3360	4.0
3361	1.0
3362	10.0
3363	10.0
3364	10.0
3365	10.0
3366	10.0
3367	10.0
3368	10.0
3369	10.0
3370	10.0
3371	10.0
3372	1.0
3373	24.0
3374	24.0
3375	24.0
3376	24.0
3377	24.0
3378	24.0
3379	24.0
3380	24.0
3381	24.0
3382	24.0
3383	24.0
3384	24.0
3385	24.0
3386	24.0
3387	24.0
3388	24.0
3389	24.0
3390	24.0
3391	24.0
3392	24.0
3393	24.0
3394	24.0
3395	24.0
3396	24.0
3397	1.0
3398	2.0
3399	2.0
3400	1.0
3401	1.0
3402	2.0
3403	2.0
3404	2.0
3405	2.0
3406	1.0
3407	1.0
3408	1.0
3409	19.0
3410	19.0
3411	19.0
3412	19.0
3413	19.0
3414	19.0
3415	19.0
3416	19.0
3417	19.0
3418	19.0
3419	19.0
3420	19.0
3421	19.0
3422	19.0
3423	19.0
3424	19.0
3425	19.0
3426	19.0
3427	19.0
3428	1.0
3429	1.0
3430	1.0
3431	1.0
3432	1.0
3433	1.0
3434	1.0
3435	1.0
3436	17.0
3437	17.0
3438	17.0
3439	17.0
3440	17.0
3441	17.0
3442	17.0
3443	17.0
3444	17.0
3445	17.0
3446	17.0
3447	17.0
3448	17.0
3449	17.0
3450	17.0
3451	17.0
3452	17.0
3453	1.0
3454	1.0
3455	1.0
3456	1.0
3457	2.0
3458	2.0
5216	2.0
5217	2.0
5218	1.0
5219	1.0
5220	1.0
5221	1.0
5222	1.0
5223	1.0
5224	1.0
5225	1.0
5226	15.0
5227	15.0
5228	15.0
5229	15.0
5230	15.0
5231	15.0
5232	15.0
5233	15.0
5234	15.0
5235	15.0
5236	15.0
5237	15.0
5238	15.0
5239	15.0
5240	15.0
5241	1.0
5242	1.0
5243	2.0
5244	2.0
5245	1.0
5246	1.0
5247	2.0
5248	2.0
5249	1.0
5250	35.0
5251	35.0
5252	35.0
5253	35.0
5254	35.0
5255	35.0
5256	35.0
5257	35.0
5258	35.0
5259	35.0
5260	35.0
5261	35.0
5262	35.0
5263	35.0
5264	35.0
5265	35.0
5266	35.0
5267	35.0
5268	35.0
5269	35.0
5270	35.0
5271	35.0
5272	35.0
5273	35.0
5274	35.0
5275	35.0
5276	35.0
5277	35.0
5278	35.0
5279	35.0
5280	35.0
5281	35.0
5282	35.0
5283	35.0
5284	35.0
5285	1.0
5286	2.0
5287	2.0
5288	1.0
5289	1.0
5290	2.0
5291	2.0
5292	1.0
5293	1.0
5294	1.0
5295	1.0
5296	22.0
5297	22.0
5298	22.0
5299	22.0
5300	22.0
5301	22.0
5302	22.0
5303	22.0
5304	22.0
5305	22.0
5306	22.0
5307	22.0
5308	22.0
5309	22.0
5310	22.0
5311	22.0
5312	22.0
5313	22.0
5314	22.0
5315	22.0
5316	22.0
5317	22.0
5318	1.0
5319	2.0
5320	2.0
5321	5.0
5322	5.0
5323	5.0
5324	5.0
5325	5.0
5326	1.0
5327	1.0
5328	1.0
5329	1.0
5330	2.0
5331	2.0
5332	1.0
5333	9.0
5334	9.0
5335	9.0
5336	9.0
5337	9.0
5338	9.0
5339	9.0
5340	9.0
5341	9.0
5342	2.0
5343	2.0
5344	1.0
5345	1.0
5346	1.0
5347	1.0
5348	2.0
5349	2.0
5350	2.0
5351	2.0
5352	2.0
5353	2.0
5354	2.0
5355	2.0
5356	1.0
5357	39.0
5358	39.0
5359	39.0
5360	39.0
5361	39.0
5362	39.0
5363	39.0
5364	39.0
5365	39.0
5366	39.0
5367	39.0
5368	39.0
5369	39.0
5370	39.0
5371	39.0
5372	39.0
5373	39.0
5374	39.0
5375	39.0
5376	39.0
5377	39.0
5378	39.0
5379	39.0
5380	39.0
5381	39.0
5382	39.0
5383	39.0
5384	39.0
5385	39.0
5386	39.0
5387	39.0
5388	39.0
5389	39.0
5390	39.0
5391	39.0
5392	39.0
5393	39.0
5394	39.0
5395	39.0
5396	1.0
5397	2.0
5398	2.0
5399	3.0
5400	3.0
5401	3.0
5402	1.0
5403	1.0
5404	1.0
5405	1.0
5406	1.0
5407	1.0
5408	1.0
5409	1.0
5410	1.0
5411	1.0
5412	4.0
5413	4.0
5414	4.0
5415	4.0
5416	1.0
5417	12.0
5418	12.0
5419	12.0
5420	12.0
5421	12.0
5422	12.0
5423	12.0
5424	12.0
5425	12.0
5426	12.0
5427	12.0
5428	12.0
5429	2.0
5430	2.0
5431	1.0
5432	3.0
5433	3.0
5434	3.0
5435	24.0
5436	24.0
5437	24.0
5438	24.0
5439	24.0
5440	24.0
5441	24.0
5442	24.0
5443	24.0
5444	24.0
5445	24.0
5446	24.0
5447	24.0
5448	24.0
5449	24.0
5450	24.0
5451	24.0
5452	24.0
5453	24.0
5454	24.0
5455	24.0
5456	24.0
5457	24.0
5458	24.0
5459	1.0
5460	1.0
5461	1.0
5462	1.0
5463	9.0
5464	9.0
5465	9.0
5466	9.0
5467	9.0
5468	9.0
5469	9.0
5470	9.0
5471	9.0
5472	1.0
5473	1.0
5474	1.0
5475	9.0
5476	9.0
5477	9.0
5478	9.0
5479	9.0
5480	9.0
5481	9.0
5482	9.0
5483	9.0
5484	1.0
5485	1.0
5486	2.0
5487	2.0
5488	2.0
5489	2.0
5490	1.0
5491	1.0
5492	11.0
5493	11.0
5494	11.0
5495	11.0
5496	11.0
5497	11.0
5498	11.0
5499	11.0
5500	11.0
5501	11.0
5502	11.0
5503	11.0
5504	11.0
5505	11.0
5506	11.0
5507	11.0
5508	11.0
5509	11.0
5510	11.0
5511	11.0
5512	11.0
5513	11.0
5514	1.0
5515	1.0
5516	7.0
5517	7.0
5518	7.0
5519	7.0
5520	7.0
5521	7.0
5522	7.0
5523	1.0
5524	1.0
5525	18.0
5526	18.0
5527	18.0
5528	18.0
5529	18.0
5530	18.0
5531	18.0
5532	18.0
5533	18.0
5534	18.0
5535	18.0
5536	18.0
5537	18.0
5538	18.0
5539	18.0
5540	18.0
5541	18.0
5542	18.0
5543	1.0
5544	1.0
5545	1.0
5546	1.0
5547	1.0
5548	2.0
5549	2.0
5550	1.0
5551	2.0
5552	2.0
5553	3.0
5554	3.0
5555	3.0
5556	1.0
5557	7.0
5558	7.0
5559	7.0
5560	7.0
5561	7.0
5562	7.0
5563	7.0
5564	1.0
5565	2.0
5566	2.0
5567	2.0
5568	2.0
5569	1.0
5570	2.0
5571	2.0
5572	1.0
5573	2.0
5574	2.0
5575	1.0
5576	1.0
5577	1.0
5578	1.0
5579	1.0
5580	1.0
5581	1.0
5582	1.0
5583	1.0
5584	2.0
5585	2.0
5586	1.0
5587	1.0
5588	2.0
5589	2.0
5590	7.0
5591	7.0
5592	7.0
5593	7.0
5594	7.0
5595	7.0
5596	7.0
5597	1.0
5598	1.0
5599	2.0
5600	2.0
5601	27.0
5602	27.0
5603	27.0
5604	27.0
5605	27.0
5606	27.0
5607	27.0
5608	27.0
5609	27.0
5610	27.0
5611	27.0
5612	27.0
5613	27.0
5614	27.0
5615	27.0
5616	27.0
5617	27.0
5618	27.0
5619	27.0
5620	27.0
5621	27.0
5622	27.0
5623	27.0
5624	27.0
5625	27.0
5626	27.0
5627	27.0
5628	1.0
5629	1.0
5630	3.0
5631	3.0
5632	3.0
5633	1.0
5634	1.0
5635	1.0
5636	1.0
5637	1.0
5638	1.0
5639	1.0
5640	6.0
5641	6.0
5642	6.0
5643	6.0
5644	6.0
5645	6.0
5646	2.0
5647	2.0
5648	1.0
5649	2.0
5650	2.0
5651	2.0
5652	2.0
5653	1.0
5654	2.0
5655	2.0
5656	1.0
5657	9.0
5658	9.0
5659	9.0
5660	9.0
5661	9.0
5662	9.0
5663	9.0
5664	9.0
5665	9.0
5666	1.0
5667	2.0
5668	2.0
5669	2.0
5670	2.0
5671	1.0
5672	1.0
5673	1.0
5674	1.0
5675	1.0
5676	1.0
5677	1.0
5678	1.0
5679	1.0
5680	18.0
5681	18.0
5682	18.0
5683	18.0
5684	18.0
5685	18.0
5686	18.0
5687	18.0
5688	18.0
5689	18.0
5690	18.0
5691	18.0
5692	18.0
5693	18.0
5694	18.0
5695	18.0
5696	18.0
5697	18.0
5698	1.0
5699	3.0
5700	3.0
5701	3.0
5702	1.0
5703	1.0
5704	4.0
5705	4.0
5706	4.0
5707	4.0
5708	1.0
5709	1.0
5710	1.0
5711	2.0
5712	2.0
5713	1.0
5714	2.0
5715	2.0
5716	19.0
5717	19.0
5718	19.0
5719	19.0
5720	19.0
5721	19.0
5722	19.0
5723	19.0
5724	19.0
5725	19.0
5726	19.0
5727	19.0
5728	19.0
5729	19.0
5730	19.0
5731	19.0
5732	19.0
5733	19.0
5734	19.0
5735	1.0
5736	1.0
5737	1.0
5738	1.0
5739	1.0
5740	2.0
5741	2.0
5742	1.0
5743	1.0
5744	2.0
5745	2.0
5746	2.0
5747	2.0
5748	1.0
5749	2.0
5750	2.0
5751	1.0
5752	2.0
5753	2.0
5754	2.0
5755	2.0
5756	1.0
5757	1.0
5758	1.0
5759	2.0
5760	2.0
5761	1.0
5762	1.0
5763	1.0
5764	23.0
5765	23.0
5766	23.0
5767	23.0
5768	23.0
5769	23.0
5770	23.0
5771	23.0
5772	23.0
5773	23.0
5774	23.0
5775	23.0
5776	23.0
5777	23.0
5778	23.0
5779	23.0
5780	23.0
5781	23.0
5782	23.0
5783	23.0
5784	23.0
5785	23.0
5786	23.0
5787	2.0
5788	2.0
5789	1.0
5790	5.0
5791	5.0
5792	5.0
5793	5.0
5794	5.0
5795	1.0
5796	1.0
5797	1.0
5798	1.0
5799	1.0
5800	1.0
5801	2.0
5802	2.0
5803	1.0
5804	1.0
5805	1.0
5806	2.0
5807	2.0
5808	2.0
5809	2.0
5810	1.0
5811	1.0
5812	2.0
5813	2.0
5814	1.0
5815	1.0
5816	19.0
5817	19.0
5818	19.0
5819	19.0
5820	19.0
5821	19.0
5822	19.0
5823	19.0
5824	19.0
5825	19.0
5826	19.0
5827	19.0
5828	19.0
5829	19.0
5830	19.0
5831	19.0
5832	19.0
5833	19.0
5834	19.0
5835	1.0
5836	1.0
5837	1.0
5838	1.0
5839	1.0
5840	2.0
5841	2.0
5842	1.0
5843	1.0
5844	2.0
5845	2.0
5846	1.0
5847	1.0
5848	1.0
5849	1.0
5850	2.0
5851	2.0
5852	1.0
5853	1.0
5854	8.0
5855	8.0
5856	8.0
5857	8.0
5858	8.0
5859	8.0
5860	8.0
5861	8.0
5862	1.0
5863	2.0
5864	2.0
5865	1.0
5866	1.0
5867	1.0
5868	20.0
5869	20.0
5870	20.0
5871	20.0
5872	20.0
5873	20.0
5874	20.0
5875	20.0
5876	20.0
5877	20.0
5878	20.0
5879	20.0
5880	20.0
5881	20.0
5882	20.0
5883	20.0
5884	20.0
5885	20.0
5886	20.0
5887	20.0
5888	2.0
5889	2.0
5890	1.0
5891	1.0
5892	1.0
5893	1.0
5894	1.0
5895	1.0
5896	1.0
5897	1.0
5898	1.0
5899	1.0
5900	3.0
5901	3.0
5902	3.0
5903	1.0
5904	1.0
5905	1.0
5906	1.0
5907	14.0
5908	14.0
5909	14.0
5910	14.0
5911	14.0
5912	14.0
5913	14.0
5914	14.0
5915	14.0
5916	14.0
5917	14.0
5918	14.0
5919	14.0
5920	14.0
5921	1.0
5922	1.0
5923	1.0
5924	1.0
5925	1.0
5926	2.0
5927	2.0
5928	1.0
5929	1.0
5930	8.0
5931	8.0
5932	8.0
5933	8.0
5934	8.0
5935	8.0
5936	8.0
5937	8.0
5938	2.0
5939	2.0
5940	1.0
5941	1.0
5942	1.0
5943	1.0
5944	1.0
5945	1.0
5946	1.0
5947	1.0
5948	8.0
5949	8.0
5950	8.0
5951	8.0
5952	8.0
5953	8.0
5954	8.0
5955	8.0
5956	1.0
5957	1.0
5958	1.0
5959	1.0
5960	1.0
5961	1.0
5962	1.0
5963	1.0
5964	4.0
5965	4.0
5966	4.0
5967	4.0
5968	2.0
5969	2.0
5970	1.0
5971	1.0
5972	1.0
5973	2.0
5974	2.0
5975	2.0
5976	2.0
5977	1.0
5978	1.0
5979	1.0
5980	1.0
5981	1.0
5982	1.0
5983	1.0
5984	7.0
5985	7.0
5986	7.0
5987	7.0
5988	7.0
5989	7.0
5990	7.0
5991	15.0
5992	15.0
5993	15.0
5994	15.0
5995	15.0
5996	15.0
5997	15.0
5998	15.0
5999	15.0
6000	15.0
6001	15.0
6002	15.0
6003	15.0
6004	15.0
6005	15.0
6006	1.0
6007	1.0
6008	1.0
6009	1.0
6010	25.0
6011	25.0
6012	25.0
6013	25.0
6014	25.0
6015	25.0
6016	25.0
6017	25.0
6018	25.0
6019	25.0
6020	25.0
6021	25.0
6022	25.0
6023	25.0
6024	25.0
6025	25.0
6026	25.0
6027	25.0
6028	25.0
6029	25.0
6030	25.0
6031	25.0
6032	25.0
6033	25.0
6034	25.0
6035	1.0
6036	1.0
6037	1.0
6038	3.0
6039	3.0
6040	3.0
6041	1.0
6042	1.0
6043	1.0
6044	6.0
6045	6.0
6046	6.0
6047	6.0
6048	6.0
6049	6.0
6050	1.0
6051	1.0
6052	1.0
6053	1.0
6054	1.0
6055	1.0
6056	15.0
6057	15.0
6058	15.0
6059	15.0
6060	15.0
6061	15.0
6062	15.0
6063	15.0
6064	15.0
6065	15.0
6066	15.0
6067	15.0
6068	15.0
6069	15.0
6070	15.0
6071	1.0
6072	1.0
6073	1.0
6074	1.0
6075	8.0
6076	8.0
6077	8.0
6078	8.0
6079	8.0
6080	8.0
6081	8.0
6082	8.0
6083	1.0
6084	1.0
6085	1.0
6086	1.0
6087	1.0
6088	1.0
6089	1.0
6090	3.0
6091	3.0
6092	3.0
6093	1.0
6094	1.0
6095	2.0
6096	2.0
6097	25.0
6098	25.0
6099	25.0
6100	25.0
6101	25.0
6102	25.0
6103	25.0
6104	25.0
6105	25.0
6106	25.0
6107	25.0
6108	25.0
6109	25.0
6110	25.0
6111	25.0
6112	25.0
6113	25.0
6114	25.0
6115	25.0
6116	25.0
6117	25.0
6118	25.0
6119	25.0
6120	25.0
6121	25.0
6122	1.0
6123	1.0
6124	7.0
6125	7.0
6126	7.0
6127	7.0
6128	7.0
6129	7.0
6130	7.0
6131	1.0
6132	1.0
6133	2.0
6134	2.0
6135	1.0
6136	1.0
6137	12.0
6138	12.0
6139	12.0
6140	12.0
6141	12.0
6142	12.0
6143	12.0
6144	12.0
6145	12.0
6146	12.0
6147	12.0
6148	12.0
6149	2.0
6150	2.0
6151	1.0
6152	2.0
6153	2.0
6154	2.0
6155	2.0
6156	1.0
6157	2.0
6158	2.0
6159	3.0
6160	3.0
6161	3.0
6162	19.0
6163	19.0
6164	19.0
6165	19.0
6166	19.0
6167	19.0
6168	19.0
6169	19.0
6170	19.0
6171	19.0
6172	19.0
6173	19.0
6174	19.0
6175	19.0
6176	19.0
6177	19.0
6178	19.0
6179	19.0
6180	19.0
6181	5.0
6182	5.0
6183	5.0
6184	5.0
6185	5.0
6186	2.0
6187	2.0
6188	2.0
6189	2.0
6190	2.0
6191	2.0
6192	1.0
6193	1.0
