1	1.0
2	1.0
3	1.0
4	1.0
5	2.0
6	2.0
7	1.0
8	8.0
9	8.0
10	8.0
11	8.0
12	8.0
13	8.0
14	8.0
15	8.0
16	8.0
17	8.0
18	8.0
19	8.0
20	8.0
21	8.0
22	8.0
23	8.0
24	1.0
25	1.0
26	3.0
27	3.0
28	3.0
29	1.0
30	1.0
31	8.0
32	8.0
33	8.0
34	8.0
35	8.0
36	8.0
37	8.0
38	8.0
39	2.0
40	2.0
41	2.0
42	2.0
43	1.0
44	1.0
45	2.0
46	2.0
47	1.0
48	2.0
49	2.0
50	1.0
51	1.0
52	2.0
53	2.0
54	1.0
55	1.0
56	1.0
57	1.0
58	2.0
59	2.0
60	2.0
61	2.0
62	1.0
63	1.0
64	2.0
65	2.0
66	1.0
67	1.0
68	1.0
69	2.0
70	2.0
71	1.0
72	1.0
73	1.0
74	1.0
75	1.0
76	1.0
77	1.0
78	2.0
79	2.0
80	1.0
81	1.0
82	2.0
83	2.0
84	3.0
85	3.0
86	3.0
87	2.0
88	2.0
89	1.0
90	2.0
91	2.0
92	1.0
93	1.0
94	1.0
95	1.0
96	1.0
97	1.0
98	1.0
99	1.0
100	1.0
101	1.0
102	1.0
103	1.0
104	1.0
105	3.0
106	3.0
107	2.0
108	2.0
109	3.0
110	1.0
111	1.0
112	4.0
113	3.0
114	4.0
115	4.0
116	4.0
117	3.0
118	3.0
119	2.0
120	2.0
121	1.0
122	1.0
123	1.0
124	3.0
125	3.0
126	3.0
127	2.0
128	2.0
129	3.0
130	3.0
131	3.0
132	2.0
133	2.0
134	1.0
135	1.0
136	1.0
137	1.0
138	1.0
139	1.0
140	1.0
141	1.0
142	3.0
143	3.0
144	3.0
145	4.0
146	4.0
147	4.0
148	1.0
149	4.0
150	1.0
151	1.0
152	1.0
153	1.0
154	1.0
155	1.0
156	1.0
157	1.0
158	1.0
159	2.0
160	2.0
161	2.0
162	2.0
163	2.0
164	2.0
165	1.0
166	1.0
167	1.0
168	1.0
169	1.0
170	1.0
171	2.0
172	2.0
173	1.0
174	3.0
175	3.0
176	3.0
177	1.0
178	1.0
179	1.0
180	1.0
181	1.0
182	8.0
183	8.0
184	8.0
185	8.0
186	8.0
187	8.0
188	8.0
189	8.0
190	2.0
191	2.0
192	2.0
193	2.0
194	3.0
195	3.0
196	3.0
197	1.0
198	2.0
199	2.0
200	2.0
201	2.0
202	2.0
203	2.0
204	1.0
205	1.0
206	2.0
207	2.0
208	3.0
209	3.0
210	3.0
211	1.0
212	2.0
213	2.0
214	1.0
215	2.0
216	2.0
217	1.0
218	2.0
219	2.0
220	1.0
221	3.0
222	3.0
223	3.0
224	1.0
225	1.0
226	2.0
227	2.0
228	1.0
229	2.0
230	2.0
231	1.0
232	1.0
233	1.0
234	1.0
235	2.0
236	2.0
237	2.0
238	2.0
239	1.0
240	1.0
241	1.0
242	2.0
243	2.0
244	1.0
245	1.0
246	1.0
247	1.0
248	1.0
249	2.0
250	2.0
251	2.0
252	2.0
253	1.0
254	1.0
255	2.0
256	2.0
257	1.0
258	1.0
259	1.0
260	1.0
261	1.0
262	2.0
263	2.0
264	1.0
265	1.0
266	2.0
267	2.0
268	2.0
269	2.0
270	2.0
271	2.0
272	2.0
273	2.0
274	3.0
275	3.0
276	3.0
277	3.0
278	3.0
279	3.0
280	1.0
281	1.0
282	2.0
283	2.0
284	2.0
285	2.0
286	2.0
287	2.0
288	2.0
289	2.0
290	1.0
291	1.0
292	1.0
293	3.0
294	3.0
295	3.0
296	2.0
297	2.0
298	1.0
299	3.0
300	3.0
301	3.0
302	1.0
303	1.0
304	1.0
305	1.0
306	1.0
307	1.0
308	1.0
309	1.0
310	1.0
311	1.0
312	1.0
313	1.0
314	1.0
315	4.0
316	4.0
317	4.0
318	4.0
319	1.0
320	1.0
321	1.0
322	1.0
323	1.0
324	1.0
325	2.0
326	2.0
327	2.0
328	2.0
329	2.0
330	2.0
331	1.0
332	1.0
333	1.0
334	1.0
335	1.0
336	2.0
337	2.0
338	1.0
339	1.0
340	2.0
341	2.0
342	1.0
343	4.0
344	4.0
345	4.0
346	4.0
347	1.0
348	1.0
349	2.0
350	3.0
351	2.0
352	3.0
353	3.0
354	1.0
355	1.0
356	1.0
357	1.0
358	1.0
359	4.0
360	4.0
361	4.0
362	4.0
363	1.0
364	1.0
365	1.0
366	3.0
367	3.0
368	3.0
369	1.0
370	1.0
371	2.0
372	2.0
373	1.0
374	1.0
375	2.0
376	2.0
377	1.0
378	1.0
379	1.0
380	1.0
381	1.0
382	1.0
383	1.0
384	1.0
385	1.0
386	1.0
387	1.0
388	1.0
389	2.0
390	2.0
391	1.0
392	1.0
393	2.0
394	2.0
395	1.0
396	1.0
397	1.0
398	1.0
399	1.0
400	1.0
401	1.0
402	1.0
403	2.0
404	2.0
405	2.0
406	2.0
407	2.0
408	2.0
409	1.0
410	1.0
411	1.0
412	2.0
413	2.0
414	2.0
415	2.0
416	6.0
417	5.0
418	5.0
419	6.0
420	6.0
421	5.0
422	6.0
423	6.0
424	5.0
425	6.0
426	5.0
427	1.0
428	1.0
429	1.0
430	1.0
431	1.0
432	9.0
433	8.0
434	9.0
435	8.0
436	9.0
437	9.0
438	9.0
439	9.0
440	8.0
441	9.0
442	8.0
443	8.0
444	8.0
445	8.0
446	8.0
447	9.0
448	9.0
449	3.0
450	3.0
451	3.0
452	3.0
453	3.0
454	3.0
455	3.0
456	3.0
457	3.0
458	3.0
459	3.0
460	3.0
461	6.0
462	6.0
463	6.0
464	6.0
465	6.0
466	6.0
467	6.0
468	6.0
469	6.0
470	6.0
471	6.0
472	6.0
473	1.0
474	3.0
475	3.0
476	3.0
477	2.0
478	2.0
479	1.0
480	1.0
481	1.0
482	1.0
483	1.0
484	1.0
485	1.0
486	1.0
487	1.0
488	1.0
489	1.0
490	3.0
491	3.0
492	3.0
493	3.0
494	3.0
495	3.0
496	1.0
497	1.0
498	1.0
499	1.0
500	1.0
501	1.0
502	1.0
503	1.0
504	1.0
505	1.0
506	1.0
507	2.0
508	2.0
509	2.0
510	2.0
511	4.0
512	4.0
513	4.0
514	4.0
515	4.0
516	4.0
517	4.0
518	4.0
519	5.0
520	3.0
521	5.0
522	3.0
523	3.0
524	5.0
525	5.0
526	5.0
527	4.0
528	4.0
529	4.0
530	4.0
531	4.0
532	4.0
533	4.0
534	4.0
535	1.0
536	1.0
537	1.0
538	1.0
539	1.0
540	1.0
541	1.0
542	1.0
543	4.0
544	4.0
545	4.0
546	4.0
547	4.0
548	4.0
549	4.0
550	4.0
551	3.0
552	3.0
553	3.0
554	4.0
555	4.0
556	4.0
557	4.0
558	1.0
559	4.0
560	4.0
561	4.0
562	4.0
563	1.0
564	2.0
565	2.0
566	2.0
567	2.0
568	2.0
569	2.0
570	1.0
571	1.0
572	1.0
573	1.0
574	1.0
575	1.0
576	1.0
577	2.0
578	2.0
579	3.0
580	3.0
581	3.0
582	2.0
583	2.0
584	1.0
585	3.0
586	3.0
587	3.0
588	1.0
589	2.0
590	2.0
591	2.0
592	1.0
593	2.0
594	3.0
595	3.0
596	3.0
597	1.0
598	1.0
599	1.0
600	6.0
601	6.0
602	6.0
603	6.0
604	6.0
605	6.0
606	1.0
607	1.0
608	4.0
609	3.0
610	3.0
611	4.0
612	4.0
613	3.0
614	4.0
615	1.0
616	1.0
617	1.0
618	1.0
619	1.0
620	1.0
621	1.0
622	1.0
623	4.0
624	4.0
625	3.0
626	4.0
627	3.0
628	4.0
629	3.0
630	1.0
631	1.0
632	4.0
633	4.0
634	4.0
635	4.0
636	1.0
637	1.0
638	1.0
639	1.0
640	1.0
641	1.0
642	1.0
643	1.0
644	1.0
645	1.0
646	1.0
647	1.0
648	1.0
649	1.0
650	1.0
651	1.0
652	1.0
653	38.0
654	38.0
655	38.0
656	38.0
657	38.0
658	38.0
659	38.0
660	38.0
661	38.0
662	38.0
663	38.0
664	38.0
665	38.0
666	38.0
667	38.0
668	38.0
669	38.0
670	38.0
671	38.0
672	38.0
673	38.0
674	38.0
675	38.0
676	38.0
677	38.0
678	38.0
679	38.0
680	38.0
681	38.0
682	38.0
683	38.0
684	38.0
685	38.0
686	38.0
687	38.0
688	38.0
689	38.0
690	38.0
691	1.0
692	2.0
693	2.0
694	1.0
695	3.0
696	3.0
697	3.0
698	1.0
699	1.0
700	1.0
701	3.0
702	3.0
703	3.0
704	2.0
705	2.0
706	3.0
707	3.0
708	3.0
709	2.0
710	2.0
711	1.0
712	1.0
713	1.0
714	3.0
715	3.0
716	3.0
717	3.0
718	3.0
719	3.0
720	2.0
721	2.0
722	2.0
723	2.0
724	1.0
725	1.0
726	1.0
727	4.0
728	4.0
729	4.0
730	4.0
731	4.0
732	4.0
733	4.0
734	4.0
735	1.0
736	1.0
737	1.0
738	1.0
739	1.0
740	1.0
741	1.0
742	1.0
743	1.0
744	1.0
745	1.0
746	1.0
747	1.0
748	1.0
749	1.0
750	1.0
751	1.0
752	1.0
753	1.0
754	1.0
755	1.0
756	1.0
757	1.0
758	1.0
759	4.0
760	4.0
761	4.0
762	4.0
763	4.0
764	4.0
765	4.0
766	4.0
767	2.0
768	2.0
769	1.0
770	2.0
771	2.0
772	2.0
773	2.0
774	1.0
775	1.0
776	1.0
777	1.0
778	1.0
779	1.0
780	11.0
781	11.0
782	11.0
783	11.0
784	11.0
785	11.0
786	11.0
787	11.0
788	11.0
789	11.0
790	11.0
791	1.0
792	1.0
793	1.0
794	1.0
795	1.0
796	1.0
797	2.0
798	2.0
799	1.0
800	1.0
801	2.0
802	2.0
803	2.0
804	2.0
805	3.0
806	3.0
807	3.0
808	2.0
809	2.0
810	1.0
811	1.0
812	1.0
813	2.0
814	2.0
815	1.0
816	1.0
817	1.0
818	3.0
819	3.0
820	3.0
821	2.0
822	2.0
823	1.0
824	1.0
825	1.0
826	1.0
827	1.0
828	1.0
829	1.0
830	1.0
831	1.0
832	1.0
833	1.0
834	1.0
835	1.0
836	1.0
837	1.0
838	1.0
839	1.0
840	1.0
841	1.0
842	1.0
843	1.0
844	1.0
845	8.0
846	8.0
847	8.0
848	8.0
849	8.0
850	8.0
851	8.0
852	8.0
853	1.0
854	1.0
855	4.0
856	4.0
857	4.0
858	4.0
859	2.0
860	2.0
861	2.0
862	2.0
863	5.0
864	5.0
865	5.0
866	5.0
867	5.0
868	1.0
869	1.0
870	1.0
871	1.0
872	1.0
873	1.0
874	1.0
875	1.0
876	1.0
877	2.0
878	2.0
879	2.0
880	2.0
881	1.0
882	2.0
883	2.0
884	1.0
885	1.0
886	1.0
887	1.0
888	1.0
889	1.0
890	2.0
891	2.0
892	2.0
893	2.0
894	2.0
895	2.0
896	1.0
897	2.0
898	2.0
899	2.0
900	2.0
901	2.0
902	2.0
903	1.0
904	2.0
905	2.0
906	2.0
907	2.0
908	2.0
909	2.0
910	2.0
911	2.0
912	1.0
913	3.0
914	3.0
915	3.0
916	3.0
917	3.0
918	3.0
919	1.0
920	2.0
921	2.0
922	2.0
923	2.0
924	4.0
925	4.0
926	4.0
927	4.0
928	1.0
929	1.0
930	1.0
931	1.0
932	1.0
933	1.0
934	1.0
935	1.0
936	1.0
937	1.0
938	4.0
939	4.0
940	4.0
941	4.0
942	1.0
943	2.0
944	2.0
945	10.0
946	10.0
947	10.0
948	9.0
949	9.0
950	10.0
951	10.0
952	9.0
953	9.0
954	10.0
955	10.0
956	9.0
957	9.0
958	10.0
959	9.0
960	9.0
961	9.0
962	10.0
963	10.0
964	1.0
965	1.0
966	1.0
967	1.0
968	1.0
969	2.0
970	2.0
971	1.0
972	1.0
973	1.0
974	1.0
975	1.0
976	1.0
977	1.0
978	1.0
979	1.0
980	1.0
981	2.0
982	2.0
983	2.0
984	2.0
985	1.0
986	4.0
987	4.0
988	4.0
989	4.0
990	5.0
991	5.0
992	5.0
993	5.0
994	5.0
995	5.0
996	5.0
997	5.0
998	5.0
999	5.0
1000	1.0
1001	2.0
1002	2.0
1003	1.0
1004	4.0
1005	4.0
1006	4.0
1007	4.0
1008	2.0
1009	2.0
1010	1.0
1011	1.0
1012	1.0
1013	1.0
1014	1.0
1015	1.0
1016	1.0
1017	1.0
1018	1.0
1019	1.0
1020	1.0
1021	1.0
1022	1.0
1023	1.0
1024	1.0
1025	1.0
1026	1.0
1027	1.0
1028	1.0
1029	1.0
1030	1.0
1031	1.0
1032	1.0
1033	1.0
1034	1.0
1035	1.0
1036	1.0
1037	1.0
1038	1.0
1039	1.0
1040	2.0
1041	2.0
1042	2.0
1043	2.0
1044	1.0
1045	1.0
1046	1.0
1047	1.0
1048	2.0
1049	2.0
1050	2.0
1051	2.0
1052	1.0
1053	1.0
1054	2.0
1055	2.0
1056	1.0
1057	1.0
1058	1.0
1059	2.0
1060	2.0
1061	2.0
1062	2.0
1063	1.0
1064	2.0
1065	2.0
1066	2.0
1067	2.0
1068	1.0
1069	1.0
1070	1.0
1071	1.0
1072	1.0
1073	1.0
1074	1.0
1075	1.0
1076	2.0
1077	2.0
1078	1.0
1079	7.0
1080	6.0
1081	7.0
1082	6.0
1083	7.0
1084	7.0
1085	6.0
1086	6.0
1087	7.0
1088	7.0
1089	6.0
1090	6.0
1091	7.0
1092	1.0
1093	1.0
1094	1.0
1095	4.0
1096	4.0
1097	4.0
1098	4.0
1099	2.0
1100	2.0
1101	2.0
1102	2.0
1103	2.0
1104	2.0
1105	4.0
1106	4.0
1107	4.0
1108	4.0
1109	2.0
1110	2.0
1111	2.0
1112	2.0
1113	1.0
1114	1.0
1115	1.0
1116	1.0
1117	1.0
1118	3.0
1119	3.0
1120	3.0
1121	3.0
1122	3.0
1123	3.0
1124	1.0
1125	1.0
1126	6.0
1127	8.0
1128	8.0
1129	8.0
1130	6.0
1131	6.0
1132	8.0
1133	6.0
1134	6.0
1135	8.0
1136	8.0
1137	8.0
1138	8.0
1139	6.0
1140	4.0
1141	4.0
1142	4.0
1143	4.0
1144	1.0
1145	1.0
1146	1.0
1147	6.0
1148	6.0
1149	6.0
1150	6.0
1151	6.0
1152	6.0
1153	1.0
1154	1.0
1155	4.0
1156	4.0
1157	4.0
1158	3.0
1159	3.0
1160	3.0
1161	4.0
1162	4.0
1163	4.0
1164	4.0
1165	4.0
1166	3.0
1167	3.0
1168	3.0
1169	1.0
1170	1.0
1171	1.0
1172	1.0
1173	1.0
1174	1.0
1175	1.0
1176	3.0
1177	3.0
1178	3.0
1179	3.0
1180	3.0
1181	3.0
1182	1.0
1183	2.0
1184	2.0
1185	1.0
1186	1.0
1187	1.0
1188	3.0
1189	3.0
1190	3.0
1191	4.0
1192	4.0
1193	4.0
1194	4.0
1195	4.0
1196	4.0
1197	4.0
1198	4.0
1199	1.0
1200	4.0
1201	4.0
1202	4.0
1203	4.0
1204	4.0
1205	4.0
1206	4.0
1207	4.0
1208	5.0
1209	5.0
1210	5.0
1211	5.0
1212	5.0
1213	5.0
1214	5.0
1215	5.0
1216	5.0
1217	5.0
1218	5.0
1219	5.0
1220	5.0
1221	5.0
1222	5.0
1223	3.0
1224	2.0
1225	3.0
1226	3.0
1227	2.0
1228	1.0
1229	1.0
1230	1.0
1231	2.0
1232	2.0
1233	2.0
1234	2.0
1235	2.0
1236	2.0
1237	2.0
1238	2.0
1239	1.0
1240	1.0
1241	1.0
1242	1.0
1243	1.0
1244	2.0
1245	2.0
1246	3.0
1247	3.0
1248	3.0
1249	2.0
1250	2.0
1251	2.0
1252	2.0
1253	2.0
1254	2.0
1255	2.0
1256	2.0
1257	2.0
1258	2.0
1259	2.0
1260	2.0
1261	1.0
1262	1.0
1263	1.0
1264	1.0
1265	1.0
1266	1.0
1267	1.0
1268	3.0
1269	3.0
1270	3.0
1271	1.0
1272	1.0
1273	1.0
1274	1.0
1275	5.0
1276	5.0
1277	5.0
1278	5.0
1279	5.0
1280	5.0
1281	5.0
1282	5.0
1283	5.0
1284	5.0
1285	1.0
1286	2.0
1287	2.0
1288	2.0
1289	2.0
1290	3.0
1291	3.0
1292	3.0
1293	1.0
1294	1.0
1295	1.0
1296	1.0
1297	1.0
1298	3.0
1299	3.0
1300	3.0
1301	3.0
1302	3.0
1303	3.0
1304	1.0
1305	4.0
1306	4.0
1307	4.0
1308	4.0
1309	4.0
1310	4.0
1311	4.0
1312	4.0
1313	1.0
1314	4.0
1315	4.0
1316	4.0
1317	4.0
1318	1.0
1319	3.0
1320	3.0
1321	3.0
1322	2.0
1323	2.0
1324	2.0
1325	2.0
1326	1.0
1327	1.0
1328	1.0
1329	22.0
1330	22.0
1331	22.0
1332	22.0
1333	22.0
1334	22.0
1335	22.0
1336	22.0
1337	22.0
1338	22.0
1339	22.0
1340	22.0
1341	22.0
1342	22.0
1343	22.0
1344	22.0
1345	22.0
1346	22.0
1347	22.0
1348	22.0
1349	22.0
1350	22.0
1351	22.0
1352	22.0
1353	22.0
1354	22.0
1355	22.0
1356	22.0
1357	22.0
1358	22.0
1359	22.0
1360	22.0
1361	22.0
1362	22.0
1363	22.0
1364	22.0
1365	22.0
1366	22.0
1367	22.0
1368	22.0
1369	22.0
1370	22.0
1371	22.0
1372	22.0
1373	4.0
1374	4.0
1375	4.0
1376	4.0
1377	1.0
1378	2.0
1379	2.0
1380	2.0
1381	2.0
1382	3.0
1383	3.0
1384	3.0
1385	3.0
1386	3.0
1387	3.0
1388	3.0
1389	4.0
1390	4.0
1391	4.0
1392	4.0
1393	3.0
1394	3.0
1395	2.0
1396	2.0
1397	2.0
1398	2.0
1399	4.0
1400	4.0
1401	4.0
1402	4.0
1403	1.0
1404	1.0
1405	1.0
1406	1.0
1407	5.0
1408	5.0
1409	5.0
1410	5.0
1411	5.0
1412	5.0
1413	5.0
1414	5.0
1415	5.0
1416	5.0
1417	3.0
1418	3.0
1419	3.0
1420	3.0
1421	3.0
1422	3.0
1423	1.0
1424	2.0
1425	5.0
1426	5.0
1427	5.0
1428	5.0
1429	2.0
1430	5.0
1431	1.0
1432	1.0
1433	1.0
1434	1.0
1435	1.0
1436	1.0
1437	1.0
1438	2.0
1439	2.0
1440	2.0
1441	2.0
1442	2.0
1443	2.0
1444	1.0
1445	2.0
1446	2.0
1447	2.0
1448	2.0
1449	1.0
1450	2.0
1451	2.0
1452	1.0
1453	6.0
1454	6.0
1455	6.0
1456	1.0
1457	6.0
1458	6.0
1459	6.0
1460	2.0
1461	2.0
1462	1.0
1463	1.0
1464	1.0
1465	1.0
1466	1.0
1467	2.0
1468	2.0
1469	2.0
1470	2.0
1471	1.0
1472	1.0
1473	2.0
1474	2.0
1475	1.0
1476	6.0
1477	6.0
1478	6.0
1479	6.0
1480	6.0
1481	6.0
1482	6.0
1483	6.0
1484	6.0
1485	6.0
1486	6.0
1487	6.0
1488	1.0
1489	1.0
1490	1.0
1491	1.0
1492	1.0
1493	1.0
1494	1.0
1495	1.0
1496	1.0
1497	1.0
1498	1.0
1499	1.0
1500	1.0
1501	1.0
1502	1.0
1503	1.0
1504	1.0
1505	1.0
1506	1.0
1507	1.0
1508	1.0
1509	1.0
1510	1.0
1511	2.0
1512	2.0
1513	2.0
1514	2.0
1515	1.0
1516	1.0
1517	3.0
1518	3.0
1519	3.0
1520	1.0
1521	3.0
1522	3.0
1523	3.0
1524	1.0
1525	1.0
1526	6.0
1527	6.0
1528	6.0
1529	6.0
1530	6.0
1531	6.0
1532	1.0
1533	1.0
1534	1.0
1535	1.0
1536	1.0
1537	1.0
1538	1.0
1539	1.0
1540	2.0
1541	2.0
1542	1.0
1543	1.0
1544	6.0
1545	6.0
1546	6.0
1547	6.0
1548	6.0
1549	6.0
1550	6.0
1551	6.0
1552	6.0
1553	6.0
1554	6.0
1555	6.0
1556	6.0
1557	6.0
1558	6.0
1559	6.0
1560	6.0
1561	6.0
1562	1.0
1563	3.0
1564	3.0
1565	3.0
1566	1.0
1567	1.0
1568	2.0
1569	1.0
1570	2.0
1571	1.0
1572	1.0
1573	1.0
1574	2.0
1575	2.0
1576	2.0
1577	2.0
1578	1.0
1579	3.0
1580	3.0
1581	3.0
1582	4.0
1583	4.0
1584	4.0
1585	4.0
1586	4.0
1587	4.0
1588	4.0
1589	4.0
1590	1.0
1591	1.0
1592	1.0
1593	1.0
1594	1.0
1595	1.0
1596	2.0
1597	2.0
1598	5.0
1599	5.0
1600	5.0
1601	5.0
1602	5.0
1603	5.0
1604	5.0
1605	5.0
1606	5.0
1607	5.0
1608	1.0
1609	1.0
1610	1.0
1611	1.0
1612	1.0
1613	1.0
1614	1.0
1615	1.0
1616	1.0
1617	1.0
1618	1.0
1619	1.0
1620	2.0
1621	2.0
1622	2.0
1623	2.0
1624	1.0
1625	4.0
1626	4.0
1627	4.0
1628	4.0
1629	2.0
1630	2.0
1631	2.0
1632	2.0
1633	1.0
1634	1.0
1635	1.0
1636	2.0
1637	2.0
1638	2.0
1639	2.0
1640	1.0
1641	1.0
1642	1.0
1643	1.0
1644	1.0
1645	1.0
1646	1.0
1647	1.0
1648	1.0
1649	1.0
1650	1.0
1651	2.0
1652	2.0
1653	3.0
1654	3.0
1655	3.0
1656	3.0
1657	3.0
1658	3.0
1659	1.0
1660	1.0
1661	3.0
1662	3.0
1663	3.0
1664	1.0
1665	1.0
1666	1.0
1667	4.0
1668	4.0
1669	4.0
1670	4.0
1671	3.0
1672	3.0
1673	3.0
1674	1.0
1675	1.0
1676	1.0
1677	1.0
1678	3.0
1679	3.0
1680	3.0
1681	3.0
1682	3.0
1683	3.0
1684	1.0
1685	4.0
1686	4.0
1687	4.0
1688	4.0
1689	2.0
1690	2.0
1691	1.0
1692	1.0
1693	1.0
1694	1.0
1695	1.0
1696	1.0
1697	1.0
1698	1.0
1699	1.0
1700	2.0
1701	2.0
1702	1.0
1703	1.0
1704	2.0
1705	2.0
1706	2.0
1707	2.0
1708	1.0
1709	1.0
1710	1.0
1711	1.0
1712	1.0
1713	1.0
1714	1.0
1715	2.0
1716	2.0
1717	2.0
1718	2.0
1719	6.0
1720	6.0
1721	6.0
1722	6.0
1723	6.0
1724	6.0
1725	1.0
1726	2.0
1727	2.0
1728	2.0
1729	2.0
1730	2.0
1731	2.0
1732	1.0
1733	1.0
1734	1.0
1735	1.0
1736	2.0
1737	2.0
1738	6.0
1739	6.0
1740	6.0
1741	6.0
1742	6.0
1743	6.0
1744	1.0
1745	5.0
1746	5.0
1747	5.0
1748	5.0
1749	5.0
1750	5.0
1751	5.0
1752	5.0
1753	5.0
1754	5.0
1755	1.0
1756	1.0
1757	1.0
1758	1.0
1759	1.0
1760	1.0
1761	1.0
1762	2.0
1763	2.0
1764	2.0
1765	2.0
1766	2.0
1767	2.0
1768	1.0
1769	1.0
1770	1.0
1771	2.0
1772	2.0
1773	1.0
1774	2.0
1775	2.0
1776	1.0
1777	2.0
1778	2.0
1779	2.0
1780	2.0
1781	1.0
1782	1.0
1783	1.0
1784	1.0
1785	3.0
1786	3.0
1787	3.0
1788	3.0
1789	3.0
1790	3.0
1791	4.0
1792	4.0
1793	4.0
1794	4.0
1795	4.0
1796	4.0
1797	4.0
1798	4.0
1799	10.0
1800	10.0
1801	10.0
1802	10.0
1803	10.0
1804	10.0
1805	10.0
1806	10.0
1807	10.0
1808	10.0
1809	1.0
1810	1.0
1811	1.0
1812	1.0
1813	1.0
1814	1.0
1815	1.0
1816	2.0
1817	2.0
1818	1.0
1819	1.0
1820	2.0
1821	2.0
1822	1.0
1823	1.0
1824	2.0
1825	2.0
1826	1.0
1827	1.0
1828	1.0
1829	1.0
1830	1.0
1831	1.0
1832	1.0
1833	1.0
1834	2.0
1835	2.0
1836	3.0
1837	3.0
1838	1.0
1839	3.0
1840	1.0
1841	1.0
1842	1.0
1843	3.0
1844	3.0
1845	3.0
1846	3.0
1847	3.0
1848	3.0
1849	5.0
1850	5.0
1851	5.0
1852	5.0
1853	5.0
1854	1.0
1855	1.0
1856	1.0
1857	1.0
1858	2.0
1859	2.0
1860	1.0
1861	1.0
1862	1.0
1863	1.0
1864	2.0
1865	2.0
1866	1.0
1867	1.0
1868	1.0
1869	1.0
1870	1.0
1871	1.0
1872	2.0
1873	2.0
1874	2.0
1875	2.0
1876	1.0
1877	1.0
1878	1.0
1879	1.0
1880	1.0
1881	1.0
1882	2.0
1883	2.0
1884	2.0
1885	2.0
1886	3.0
1887	3.0
1888	3.0
1889	3.0
1890	3.0
1891	3.0
1892	1.0
1893	1.0
1894	4.0
1895	4.0
1896	4.0
1897	4.0
1898	4.0
1899	4.0
1900	4.0
1901	4.0
1902	1.0
1903	1.0
1904	1.0
1905	1.0
1906	2.0
1907	2.0
1908	1.0
1909	1.0
1910	1.0
1911	1.0
1912	1.0
1913	1.0
1914	4.0
1915	4.0
1916	4.0
1917	1.0
1918	4.0
1919	1.0
1920	1.0
1921	1.0
1922	1.0
1923	2.0
1924	2.0
1925	2.0
1926	2.0
1927	2.0
1928	2.0
1929	3.0
1930	3.0
1931	3.0
1932	1.0
1933	1.0
1934	1.0
1935	1.0
1936	1.0
1937	1.0
1938	4.0
1939	4.0
1940	4.0
1941	4.0
1942	2.0
1943	2.0
1944	1.0
1945	1.0
1946	1.0
1947	4.0
1948	4.0
1949	4.0
1950	4.0
1951	1.0
1952	1.0
1953	1.0
1954	1.0
1955	1.0
1956	1.0
1957	1.0
1958	1.0
1959	1.0
1960	1.0
1961	1.0
1962	1.0
1963	1.0
1964	1.0
1965	1.0
1966	1.0
1967	2.0
1968	2.0
1969	1.0
1970	1.0
1971	1.0
1972	7.0
1973	7.0
1974	7.0
1975	7.0
1976	7.0
1977	7.0
1978	7.0
1979	1.0
1980	3.0
1981	3.0
1982	3.0
1983	3.0
1984	3.0
1985	3.0
1986	1.0
1987	1.0
1988	1.0
1989	2.0
1990	2.0
1991	1.0
1992	1.0
1993	1.0
1994	3.0
1995	3.0
1996	3.0
1997	1.0
1998	1.0
1999	1.0
2000	1.0
2001	1.0
2002	1.0
2003	14.0
2004	14.0
2005	14.0
2006	14.0
2007	14.0
2008	14.0
2009	14.0
2010	14.0
2011	14.0
2012	14.0
2013	14.0
2014	14.0
2015	14.0
2016	14.0
2017	1.0
2018	1.0
2019	1.0
2020	2.0
2021	3.0
2022	3.0
2023	2.0
2024	3.0
2025	1.0
2026	1.0
2027	3.0
2028	3.0
2029	3.0
2030	3.0
2031	3.0
2032	3.0
2033	1.0
2034	2.0
2035	2.0
2036	1.0
2037	1.0
2038	1.0
2039	1.0
2040	3.0
2041	3.0
2042	3.0
2043	5.0
2044	5.0
2045	5.0
2046	5.0
2047	5.0
2048	2.0
2049	2.0
2050	6.0
2051	6.0
2052	6.0
2053	6.0
2054	6.0
2055	6.0
2056	2.0
2057	2.0
2058	2.0
2059	2.0
2060	5.0
2061	5.0
2062	5.0
2063	5.0
2064	5.0
2065	5.0
2066	5.0
2067	5.0
2068	5.0
2069	5.0
2070	1.0
2071	3.0
2072	3.0
2073	3.0
2074	2.0
2075	2.0
2076	2.0
2077	2.0
2078	1.0
2079	1.0
2080	4.0
2081	4.0
2082	4.0
2083	4.0
2084	4.0
2085	4.0
2086	4.0
2087	4.0
2088	2.0
2089	2.0
2090	5.0
2091	5.0
2092	5.0
2093	5.0
2094	5.0
2095	1.0
2096	1.0
2097	4.0
2098	4.0
2099	4.0
2100	4.0
2101	2.0
2102	2.0
2103	4.0
2104	4.0
2105	4.0
2106	4.0
2107	1.0
2108	1.0
2109	4.0
2110	4.0
2111	4.0
2112	4.0
2113	4.0
2114	4.0
2115	4.0
2116	4.0
2117	1.0
2118	1.0
2119	1.0
2120	2.0
2121	2.0
2122	1.0
2123	2.0
2124	2.0
2125	1.0
2126	3.0
2127	3.0
2128	3.0
2129	2.0
2130	2.0
2131	2.0
2132	2.0
2133	1.0
2134	1.0
2135	1.0
2136	4.0
2137	4.0
2138	4.0
2139	4.0
2140	4.0
2141	4.0
2142	4.0
2143	4.0
2144	2.0
2145	2.0
2146	1.0
2147	2.0
2148	2.0
2149	1.0
2150	1.0
2151	1.0
2152	1.0
