101	[3459, 3461, 3463, 3465, 3478, 3480, 3482, 3494, 3496, 3498]
102	[3501, 3507, 3509, 3514, 3520, 3522, 3524, 3526, 3528, 3508]
103	[3530, 3532, 3534, 3536, 3538, 3541, 3545, 3547, 3552, 3554]
104	[3556, 3558, 3560, 3562, 3564, 3572, 3574, 3582, 3584, 3586]
105	[3596, 3598, 3600, 3603, 3605, 3607, 3609, 3611, 3613, 3618]
106	[3636, 3638, 3640, 3647, 3649, 3651, 3653, 3655, 3662, 3664]
107	[3684, 3686, 3692, 3694, 3699, 3701, 3703, 3705, 3707, 3710]
108	[3719, 3721, 3723, 3725, 3727, 3729, 3731, 3733, 3735, 3737]
109	[3764, 3765, 3763, 3772, 3761, 3771, 3766, 3777, 3762, 3760]
110	[3790, 3793, 3795, 3791, 3797, 3780, 3782, 3787, 3789, 3796]
111	[3809, 3829, 3804, 3806, 3808, 3811, 3816, 3818, 3820, 3822]
112	[3831, 3833, 3835, 3837, 3839, 3841, 3851, 3853, 3855, 3865]
113	[3869, 3871, 3873, 3876, 3878, 3880, 3883, 3885, 3887, 3889]
114	[3908, 3910, 3912, 3914, 3916, 3918, 3921, 3923, 3925, 3927]
115	[3940, 3942, 3947, 3949, 3951, 3953, 3959, 3966, 3968, 3970]
116	[3987, 3989, 3991, 3993, 3995, 3997, 3999, 4001, 4003, 4006]
117	[4012, 4019, 4021, 4023, 4029, 4031, 4033, 4035, 4020, 4032]
118	[4037, 4039, 4041, 4043, 4045, 4048, 4051, 4057, 4059, 4061]
119	[4071, 4073, 4076, 4078, 4082, 4084, 4088, 4090, 4092, 4094]
120	[4101, 4104, 4106, 4108, 4110, 4113, 4115, 4119, 4122, 4124]
121	[4136, 4138, 4157, 4159, 4161, 4181, 4160, 4137, 4139, 4140]
122	[4182, 4184, 4205, 4207, 4209, 4206, 4208, 4183, 4185, 4186]
123	[4230, 4232, 4234, 4236, 4271, 4273, 4231, 4235, 4233, 4237]
124	[4307, 4309, 4330, 4332, 4334, 4355, 4308, 4333, 4356, 4310]
125	[4357, 4359, 4378, 4380, 4382, 4384, 4406, 4381, 4383, 4358]
126	[4407, 4409, 4411, 4413, 4426, 4439, 4410, 4440, 4412, 4408]
127	[4441, 4443, 4464, 4466, 4487, 4489, 4491, 4488, 4492, 4442]
128	[4493, 4495, 4508, 4521, 4523, 4525, 4527, 4524, 4526, 4494]
129	[4528, 4530, 4532, 4534, 4560, 4562, 4587, 4531, 4533, 4529]
130	[4588, 4590, 4592, 4594, 4607, 4620, 4591, 4621, 4593, 4589]
131	[4622, 4624, 4626, 4648, 4670, 4672, 4623, 4673, 4625, 4627]
132	[4674, 4676, 4691, 4705, 4707, 4709, 4675, 4706, 4710, 4677]
133	[4711, 4713, 4734, 4736, 4757, 4759, 4761, 4712, 4760, 4714]
134	[4762, 4778, 4780, 4782, 4784, 4800, 4779, 4801, 4781, 4763]
135	[4802, 4804, 4827, 4829, 4831, 4803, 4830, 4805, 4806, 4807]
136	[4854, 4856, 4955, 4957, 5056, 5058, 5060, 5057, 5061, 4855]
137	[5062, 5064, 5066, 5078, 5080, 5082, 5093, 5065, 5079, 5063]
138	[5094, 5096, 5098, 5100, 5117, 5134, 5095, 5099, 5097, 5101]
139	[5136, 5138, 5140, 5157, 5175, 5177, 5179, 5137, 5178, 5139]
140	[5180, 5195, 5197, 5211, 5213, 5215, 5212, 5181, 5182, 5183]
166	[6194, 6196, 6198, 6202, 6209, 6211, 6217, 6219, 6221, 6223]
167	[6240, 6242, 6244, 6248, 6250, 6253, 6255, 6257, 6259, 6261]
168	[6279, 6281, 6283, 6304, 6306, 6308, 6310, 6312, 6314, 6316]
169	[6342, 6344, 6346, 6348, 6351, 6353, 6355, 6357, 6359, 6361]
170	[6367, 6369, 6374, 6376, 6378, 6381, 6383, 6386, 6388, 6390]
171	[6405, 6407, 6409, 6423, 6425, 6439, 6406, 6408, 6410, 6411]
172	[6441, 6443, 6445, 6447, 6464, 6466, 6468, 6442, 6465, 6444]
173	[6485, 6497, 6509, 6511, 6513, 6515, 6510, 6516, 6512, 6486]
174	[6517, 6519, 6531, 6533, 6545, 6547, 6518, 6546, 6548, 6520]
175	[6549, 6551, 6553, 6567, 6569, 6571, 6550, 6552, 6554, 6555]
