101	[3459, 3461, 3463, 3465, 3478]
102	[3501, 3507, 3509, 3514, 3520]
103	[3530, 3532, 3534, 3536, 3538]
104	[3556, 3558, 3560, 3562, 3564]
105	[3596, 3598, 3600, 3603, 3605]
106	[3636, 3638, 3640, 3647, 3649]
107	[3684, 3686, 3692, 3694, 3699]
108	[3719, 3721, 3723, 3725, 3727]
109	[3764, 3765, 3763, 3772, 3761]
110	[3790, 3793, 3795, 3791, 3797]
111	[3809, 3829, 3804, 3806, 3808]
112	[3831, 3833, 3835, 3837, 3839]
113	[3869, 3871, 3873, 3876, 3878]
114	[3908, 3910, 3912, 3914, 3916]
115	[3940, 3942, 3947, 3949, 3951]
116	[3987, 3989, 3991, 3993, 3995]
117	[4012, 4019, 4021, 4023, 4029]
118	[4037, 4039, 4041, 4043, 4045]
119	[4071, 4073, 4076, 4078, 4082]
120	[4101, 4104, 4106, 4108, 4110]
121	[4136, 4138, 4157, 4159, 4161]
122	[4182, 4184, 4205, 4207, 4209]
123	[4230, 4232, 4234, 4236, 4271]
124	[4307, 4309, 4330, 4332, 4334]
125	[4357, 4359, 4378, 4380, 4382]
126	[4407, 4409, 4411, 4413, 4426]
127	[4441, 4443, 4464, 4466, 4487]
128	[4493, 4495, 4508, 4521, 4523]
129	[4528, 4530, 4532, 4534, 4560]
130	[4588, 4590, 4592, 4594, 4607]
131	[4622, 4624, 4626, 4648, 4670]
132	[4674, 4676, 4691, 4705, 4707]
133	[4711, 4713, 4734, 4736, 4757]
134	[4762, 4778, 4780, 4782, 4784]
135	[4802, 4804, 4827, 4829, 4831]
136	[4854, 4856, 4955, 4957, 5056]
137	[5062, 5064, 5066, 5078, 5080]
138	[5094, 5096, 5098, 5100, 5117]
139	[5136, 5138, 5140, 5157, 5175]
140	[5180, 5195, 5197, 5211, 5213]
166	[6194, 6196, 6198, 6202, 6209]
167	[6240, 6242, 6244, 6248, 6250]
168	[6279, 6281, 6283, 6304, 6306]
169	[6342, 6344, 6346, 6348, 6351]
170	[6367, 6369, 6374, 6376, 6378]
171	[6405, 6407, 6409, 6423, 6425]
172	[6441, 6443, 6445, 6447, 6464]
173	[6485, 6497, 6509, 6511, 6513]
174	[6517, 6519, 6531, 6533, 6545]
175	[6549, 6551, 6553, 6567, 6569]
