1	0.23210620229493253
2	0.1900554942209596
3	0.2211881556564688
4	0.2382559404044051
5	0.2540036294081787
6	0.21525886087396318
7	0.20784730821486055
8	0.20703815069096856
9	0.3015662976198745
10	0.20105433146935361
11	0.22086489219163616
12	0.26102715995543546
13	0.22920255437675685
14	0.21704988337620665
15	0.2863968250684401
16	0.22005133506331612
17	0.267254102312833
18	0.19168848968750893
19	0.2848095080711568
20	0.2642786221498224
21	0.2558096918861378
22	0.33364258718376605
23	0.14805538474386284
24	0.2797531115672546
25	0.18490925041092482
26	0.30381805988760163
27	0.16837319590254302
28	0.36948791144072796
29	0.19050814454175466
30	0.17333738054505465
31	0.23150705475785982
32	0.2645015740642371
33	0.24871890065888916
34	0.24527209659104904
35	0.33754747668579715
36	0.23875334920366553
37	0.25882194303491335
38	0.2792531461618061
39	0.2805258294229742
40	0.32205326437221327
41	0.2645787481601677
42	0.1776344597548293
43	0.22061437454426588
44	0.24375457630237393
45	0.24268074706344092
46	0.2215410344223921
47	0.2787407811461233
48	0.2506658484087032
49	0.30703577061289367
50	0.23029629010600366
51	0.20538283240130037
52	0.2502118780008461
53	0.2252613013323601
54	0.17022136957266315
55	0.210361204828138
56	0.2308946556681782
57	0.2932490622443971
58	0.2289940900391172
59	0.18681045491644951
60	0.31987182513548473
61	0.24859913367494957
62	0.2445403848180097
63	0.3038855038633257
64	0.22133476127997653
65	0.2332174377957343
66	0.2597994251337124
67	0.18835340691966998
68	0.23247494115202755
69	0.2407621852629223
70	0.20012777837769555
71	0.19490747991529386
72	0.15572498111965644
73	0.17506485066125882
74	0.20934802182799384
75	0.21844738082263887
76	0.22601748705672703
77	0.15449014604785408
78	0.14861707102266983
79	0.15111726629682304
80	0.2543974177509036
81	0.273280709063795
82	0.32339418338784787
83	0.28754392556561376
84	0.29175145419114734
85	0.28859810543712994
86	0.29486043678525564
87	0.28600941494457666
88	0.24809880977323048
89	0.318945553685762
90	0.2635118375961341
91	0.1967181159385504
92	0.19976397038280003
93	0.20838357095927737
94	0.14632390681306923
95	0.2093569488996722
96	0.22454696297124294
97	0.25523956301743994
98	0.20702739140301224
99	0.26168679740777107
100	0.21356082032328802
141	0.24997748647371335
142	0.25916337158598757
143	0.2248865905144176
144	0.2066746295149936
145	0.22595099628492119
146	0.2563886080170411
147	0.23172843619966169
148	0.22055548528467345
149	0.2279529901652839
150	0.21671083927921708
151	0.2886375266931205
152	0.2196466339023412
153	0.18857495029918128
154	0.19787398537773382
155	0.1863999793854011
156	0.23480850724262708
157	0.33660605466802335
158	0.25396376152873734
159	0.2582752699640224
160	0.2593301615059976
161	0.2668180350888254
162	0.24441977178795288
163	0.25643240674201123
164	0.20798824858123158
165	0.224648386437513
