101	0.2517386498218277
102	0.20428405698153848
103	0.183788849861375
104	0.18849620034238446
105	0.18531171716433462
106	0.26755425970382113
107	0.20642610067434378
108	0.22663076552929565
109	0.20867696492910248
110	0.21356812958636115
111	0.18708937896682207
112	0.2130273919649384
113	0.1965954295267985
114	0.257100111385731
115	0.24971968011636567
116	0.22320341401646385
117	0.17959985293003863
118	0.1760789863137541
119	0.2666560866895279
120	0.23509401457632098
121	0.22132778328242123
122	0.2573350930695071
123	0.2663456768252581
124	0.271750774000117
125	0.272582145212008
126	0.2619892450276718
127	0.27629857734302815
128	0.2739174968056564
129	0.2669387999974227
130	0.27267273012196697
131	0.26429255984073124
132	0.26764763398035185
133	0.2622072854375195
134	0.269783165270156
135	0.23155882353482038
136	0.2689515703942125
137	0.27837111990258173
138	0.2633307463466499
139	0.274453657670918
140	0.22005999480432156
166	0.19540658815999457
167	0.20571082904831178
168	0.22148665460109832
169	0.2139164336266438
170	0.2722481876355202
171	0.23448251002055542
172	0.2673746367796225
173	0.2614329147418882
174	0.26528636066091615
175	0.23936723024155332
