1	0.23371073298851772
2	0.29845169524510673
3	0.24405197777046858
4	0.21162171073118413
5	0.25998460747486346
6	0.20450822414594272
7	0.25440849359272205
8	0.2902470475081221
9	0.25324757004348164
10	0.288172495423266
11	0.22477157869546238
12	0.3039606679033853
13	0.2956606631331846
14	0.25149985908264944
15	0.23095481001070234
16	0.32310177753825353
17	0.20661151267101274
18	0.2347558233185829
19	0.23187994813766957
20	0.2838405737615279
21	0.2836996309957393
22	0.2427910361861234
23	0.2554229425795423
24	0.23466920547767972
25	0.2186915471996149
26	0.31413694404763887
27	0.253382029861421
28	0.2421242422715014
29	0.2292405129436886
30	0.19805078171512133
31	0.264918784363037
32	0.28691983807918303
33	0.26461100634155826
34	0.2691886084102684
35	0.26647983477810755
36	0.23026768055094193
37	0.25018561123997396
38	0.2517622461857254
39	0.22741734256056437
40	0.18545081968849075
41	0.2630036848948739
42	0.24018061453044032
43	0.21882251181146314
44	0.2380061664705773
45	0.2248821646026759
46	0.19392518927277425
47	0.28823092178019577
48	0.20476154711930553
49	0.22844599308224176
50	0.22060938290475868
