101	0.26316101584289336
102	0.27519194269270575
103	0.1651810981664536
104	0.194815801769693
105	0.16194089915465606
106	0.24139311563240384
107	0.3523446208175965
108	0.3036551184539227
109	0.24336828489920106
110	0.23437798871322682
111	0.2512947067927709
112	0.08937791108464793
113	0.2053883817434639
114	0.2569640078772796
115	0.3293473840239989
116	0.2842440856312559
117	0.13976715546640367
118	0.20418352804069623
119	0.2620695876599512
120	0.3440394204049358
121	0.1832750966178087
122	0.1754444717372661
123	0.16690303323305952
124	0.1730419511467304
125	0.16737843023001486
126	0.17964116256780308
127	0.1628294356185898
128	0.16387726864422109
129	0.15864122240377937
130	0.17581244362589346
131	0.14807777622264268
132	0.15986699259611598
133	0.16138556190329
134	0.18628937419341374
135	0.20614672663119338
136	0.1683612123110258
137	0.187578463776573
138	0.1832835879529116
139	0.16687164969369547
140	0.1601797484198279
166	0.2609153711470585
167	0.2428495466430836
168	0.18044327359604057
169	0.2802449610275636
170	0.28452888962876066
171	0.17643805225106549
172	0.17821130676767022
173	0.1792487465522373
174	0.17733408430887804
175	0.16445487112411256
