1	0.8766074396583741
2	0.9292624310706701
3	0.881307407097679
4	0.9234346398708669
5	0.8692341790777429
6	0.9095997938072529
7	0.8488217557965181
8	0.9510533796181045
9	0.8162223678952286
10	0.9426824438499002
11	0.8343321026072731
12	0.8826075460947849
13	0.8498367569467475
14	0.9253142443246763
15	0.8307887926668449
16	0.9498754946832377
17	0.9048864347069655
18	0.974997191260816
19	0.9283675944399831
20	0.8594853528196206
21	0.8266622232235495
22	0.8459181229244924
23	0.954872280205886
24	0.9357171627762386
25	0.9676176774658312
26	0.801360961018547
27	0.9598261570986861
28	0.824904214559387
29	0.9850617283950618
30	0.9266677997228372
31	0.9269903023573821
32	0.9498770878873188
33	0.9170123156044601
34	0.9505881685180493
35	0.8569383082875616
36	0.9222879094895865
37	0.9738328042328042
38	0.9324530451155959
39	0.9344256295623501
40	0.9038328028738233
41	0.9687423831943677
42	0.9845685405293939
43	0.9587803754818169
44	0.9485569583345831
45	0.9210798966524579
46	0.8787206323768898
47	0.9422893232324187
48	0.8908597431406242
49	0.87673770399039
50	0.935452700336073
51	0.9595861848623043
52	0.8648232175866176
53	0.9227342112186923
54	0.9518085618085618
55	0.9733794123096745
56	0.9164092220847424
57	0.9024095269404167
58	0.9457004048582995
59	0.9293912627251548
60	0.8750362492322725
61	0.9677593445980543
62	0.9535405468988017
63	0.8715840260834576
64	0.9040837771626857
65	0.8365026125306619
66	0.8524640203802583
67	0.9648127063231887
68	0.9517174502216738
69	0.9013047130474646
70	0.9494377271599479
71	0.9486911525592169
72	0.9341544788008971
73	0.9479255587403365
74	0.9055925654546415
75	0.9361280691766972
76	0.9274032146966092
77	0.9853010719681438
78	0.9807435098650052
79	0.9479776214093741
80	0.922334315449555
81	0.886779420756951
82	0.903831727085225
83	0.8937563326073433
84	0.8447925865005055
85	0.9055627004416927
86	0.9326250431452751
87	0.9376827942561478
88	0.9350200192676559
89	0.9591462093221099
90	0.9638672797674943
91	0.9578700651200651
92	0.9476455096593972
93	0.9689555619818776
94	0.9178722491643749
95	0.9636084889113286
96	0.8956955831422538
97	0.8820880948201616
98	0.9666430945444735
99	0.7975698232475701
100	0.9899374411780987
141	0.908040404914004
142	0.9149906780911148
143	0.9484544961547985
144	0.9597158161984736
145	0.9102761381861556
146	0.8476363423069717
147	0.8672362990336285
148	0.9304475955303928
149	0.9098446703434594
150	0.9404791240044708
151	0.9295145903479236
152	0.9829755146750446
153	0.9817777777777777
154	0.9490948152892039
155	0.9348769949121867
156	0.9590786205791839
157	0.94165018203577
158	0.9210742154368107
159	0.9077624314276417
160	0.9436585946276383
161	0.9432958061813446
162	0.9506946238794423
163	0.899430875421653
164	0.901559514990545
165	0.9620743663321978
