101	0.9237507817580598
102	0.9297625097341582
103	0.9347970480425332
104	0.9791083552722739
105	1.0
106	0.9797423887587822
107	0.9237487430751898
108	0.9334889473514835
109	0.942588813350828
110	1.0
111	0.9594422190934664
112	1.0
113	1.0
114	0.9767790262172283
115	0.9491244074369843
116	0.9066692283932948
117	1.0
118	1.0
119	0.9318202584487552
120	0.9229404931729949
121	1.0
122	0.9949999999999999
123	0.9582979851537645
124	0.9374171087533156
125	0.9582979851537645
126	0.9590517241379309
127	0.9590517241379309
128	0.9590517241379309
129	0.9590517241379309
130	0.9582979851537645
131	0.9345108951481074
132	0.940171144840685
133	0.9590517241379309
134	0.9540517241379309
135	0.9880935383574897
136	0.9532979851537645
137	0.9590517241379309
138	0.949191251627659
139	0.9590517241379309
140	1.0
166	0.8663755123569586
167	0.9062956031571854
168	1.0
169	0.9849443663188019
170	0.8790073497535664
171	1.0
172	0.9194204790943148
173	0.948204568509982
174	0.9582979851537645
175	1.0
