101	0.9485134778930342
102	0.9497085133161246
103	0.9645868202127463
104	0.9707194403940121
105	0.9849848000092425
106	0.9445845463255449
107	0.990955774227333
108	0.95668337107997
109	0.9687856090497686
110	0.9807285486974657
111	0.957563153829606
112	0.9694424372985913
113	0.9778993893183393
114	0.9447653374664468
115	0.9539362672131065
116	0.9651636427938665
117	0.9683152868610047
118	0.9869537275064266
119	0.9370971859791832
120	0.9569762049700886
121	0.9827586206896552
122	0.9740387649504577
123	0.8995269388339898
124	0.8843025798596309
125	0.8983695314265824
126	0.8992846127638209
127	0.8919386576252878
128	0.8990994275786357
129	0.8996138308708167
130	0.8985547166117678
131	0.8813476031053245
132	0.8937529717174302
133	0.8977081557652069
134	0.8999357924401246
135	0.9793971303876858
136	0.8937663224373349
137	0.8958219928718637
138	0.8961795754456013
139	0.8923987450418969
140	0.980940170940171
166	0.9349506784095547
167	0.9574445197170222
168	0.9572271175227018
169	0.9814038843927859
170	0.9251782687449035
171	0.9499585561791002
172	0.8904776694207949
173	0.8985547166117678
174	0.8986785521577602
175	0.9694497566449287
