1	0.26049560625539087
2	0.26924236289430414
3	0.252981432363222
4	0.20546435023728188
5	0.3579056980010737
6	0.21638673625034563
7	0.26403490271047975
8	0.2060089339467556
9	0.26014680689134656
10	0.24788877313375499
11	0.1679722096646385
12	0.2593797517359572
13	0.2168045422895451
14	0.25678748319145706
15	0.22774778632006307
16	0.2844471260745117
17	0.272068360532305
18	0.30198061515780467
19	0.3238974201687894
20	0.38718601528927904
21	0.2541031211810023
22	0.24536421400667002
23	0.2028726168694262
24	0.25995394326889104
25	0.23533102866662187
26	0.26333139089049884
27	0.33742218716084743
28	0.2959772445798198
29	0.27551177377323627
30	0.22568548055959461
31	0.22901968278125726
32	0.2943413179739497
33	0.1884720268288322
34	0.33202710788305856
35	0.35761835775952255
36	0.3436901657002488
37	0.3103845850929517
38	0.24110888461740854
39	0.2989541954268569
40	0.30144115794924453
41	0.2686510770269579
42	0.1593393331380813
43	0.2136810770443825
44	0.2574606138979329
45	0.23114794372022054
46	0.32219072966542694
47	0.29174859964638367
48	0.4666331328621761
49	0.23534071096312284
50	0.25275098799290074
51	0.23151312367342264
52	0.26889556565376055
53	0.25475214040589333
54	0.23411227814551366
55	0.16402545532497262
56	0.17222051710946362
57	0.33413099007068064
58	0.38249122837047367
59	0.16810129192251255
60	0.3423051751864076
61	0.6661904316401648
62	0.4062320915851051
63	0.21848329586533538
64	0.2271424978641357
65	0.2021569235895242
66	0.2651707759785808
67	0.19103943813008062
68	0.2920019795410702
69	0.2993823653738495
70	0.26281579960719154
71	0.19368632208219103
72	0.28886809451824014
73	0.3271394418282957
74	0.1761038988526073
75	0.2381884015232271
76	0.279885126860452
77	0.1434350126326186
78	0.16730742360427064
79	0.29171728465537383
80	0.25268236342007167
81	0.3521967533706489
82	0.263639981335927
83	0.3408441036816314
84	0.35495984538017455
85	0.263639981335927
86	0.24374127753563773
87	0.28606643019059746
88	0.2789121484643894
89	0.40820193019995266
90	0.2625165213452952
91	0.25436314706759267
92	0.24924386070623786
93	0.2095861035983452
94	0.15555228624750475
95	0.4504924299402984
96	0.23204744727861876
97	0.49156500675065884
98	0.3098463087474642
99	0.28203509821879225
100	0.23196829362910637
141	0.21755257404432293
142	0.20896929576385959
143	0.21462180967088135
144	0.28161759950178106
145	0.35200288367619087
146	0.23759509828511938
147	0.33615254382313975
148	0.28211385588712046
149	0.2652140617041495
150	0.2388817834403958
151	0.24758853774983147
152	0.19860174625976892
153	0.22322206667256705
154	0.2292832321363826
155	0.21973126751740457
156	0.3769927963544823
157	0.3178645643511465
158	0.16154975212978903
159	0.36137217010389794
160	0.3790276329896035
161	0.42167127311365943
162	0.47927893258061954
163	0.5229501773197047
164	0.1817599550345464
165	0.4566866013580936
