101	0.25079933253454
102	0.2604696284891739
103	0.22513051149010713
104	0.22314649218960436
105	0.2727343835600312
106	0.19112051219394754
107	0.27880831299052
108	0.20898368492355351
109	0.2272894994383172
110	0.22836358036827648
111	0.301011302256974
112	0.2502635232337819
113	0.21499907055442488
114	0.19657033683782138
115	0.1987952058526835
116	0.2092048110760176
117	0.16744240618986697
118	0.15087100754567934
119	0.22051292173255885
120	0.2568161001562841
121	0.2631033519608898
122	0.2746294209996888
123	0.28660451457317315
124	0.32306103431999644
125	0.3147100537221077
126	0.27179268098509146
127	0.3074827252624469
128	0.3187413968254139
129	0.2802649195390571
130	0.2781804126370076
131	0.2675467721701521
132	0.28367569204360515
133	0.28334735590680926
134	0.3201002320025407
135	0.31814511179746385
136	0.28338845691136655
137	0.2809504834960434
138	0.31231068502701537
139	0.3016557672015869
140	0.25667082486230797
166	0.2448525285887356
167	0.19716211799008126
168	0.222123134912234
169	0.20760844169853138
170	0.21411760891991938
171	0.30751143661580094
172	0.28312135523947857
173	0.2897885488376499
174	0.28568627629451293
175	0.31077191505665475
