1	0.3375904513895134
2	0.5627454347037004
3	0.39532786464774994
4	0.32346976112858333
5	0.440545657647769
6	0.2378181366284693
7	0.5361673202517101
8	0.31130047678620454
9	0.2684770551211594
10	0.4979837519327651
11	0.2526207327079363
12	0.45368882422863355
13	0.3699716856868275
14	0.45171650524627277
15	0.2790663034651289
16	0.5290614147341286
17	0.26303682002352446
18	0.32553420560888396
19	0.25951981497385623
20	0.44310937078939483
21	0.3790558999872736
22	0.2747871467512308
23	0.31839211069894574
24	0.302077900301282
25	0.2393240948165992
26	0.3993463873162024
27	0.3478849346350933
28	0.31739159072265427
29	0.2956721223259914
30	0.28373597156060004
31	0.38444183373699004
32	0.5267688795216865
33	0.3665724048583422
34	0.38704696659669996
35	0.4411653075647693
36	0.2967781190742322
37	0.34904925686753596
38	0.41267794668533186
39	0.18902615287209587
40	0.3037448792985224
41	0.40697482528121787
42	0.4398050112925257
43	0.2847715481070723
44	0.2804537431203272
45	0.4032893936011754
46	0.3898233374245411
47	0.33814686007501543
48	0.3493783663888528
49	0.5115114895813586
50	0.3658667865879698
