1	4	[1, 2, 3, 4, 7, 15, 16, 17, 18, 21]
1	5	[1, 2, 3, 7, 8, 16, 17, 19, 21, 23]
1	9	[1, 3, 7, 15, 16, 17, 19, 20, 21, 22]
1	13	[1, 2, 4, 8, 15, 16, 17, 20, 21, 23]
1	20	[1, 2, 3, 8, 15, 18, 19, 21, 22, 23]
1	22	[1, 2, 3, 7, 15, 17, 18, 19, 20, 21]
10	4	[432, 448, 482, 483, 485, 490, 496, 498, 520, 521]
10	5	[432, 434, 438, 476, 479, 481, 484, 485, 516, 518]
10	11	[432, 433, 436, 438, 476, 478, 484, 485, 490, 500]
10	14	[432, 434, 438, 464, 465, 469, 492, 518, 520, 521]
10	18	[432, 433, 434, 436, 448, 479, 480, 482, 492, 521]
10	23	[432, 448, 462, 465, 470, 479, 480, 488, 491, 494]
100	3	[3428, 3429, 3431, 3433, 3437, 3453, 3455, 3456, 3457, 3458]
100	8	[3428, 3429, 3430, 3431, 3434, 3437, 3453, 3455, 3457, 3458]
100	10	[3428, 3429, 3430, 3431, 3433, 3434, 3437, 3439, 3457, 3458]
100	16	[3429, 3430, 3431, 3434, 3435, 3445, 3453, 3455, 3456, 3457]
100	18	[3428, 3429, 3430, 3431, 3432, 3433, 3452, 3453, 3457, 3458]
100	23	[3429, 3431, 3437, 3444, 3452, 3453, 3455, 3456, 3457, 3458]
11	4	[522, 523, 524, 525, 529, 531, 532, 533, 536, 540]
11	8	[523, 524, 525, 532, 533, 535, 536, 540, 541, 543]
11	12	[522, 523, 524, 525, 531, 532, 533, 536, 540, 543]
11	16	[522, 523, 524, 525, 526, 536, 539, 540, 541, 543]
11	20	[522, 523, 524, 525, 530, 531, 532, 533, 536, 543]
11	21	[522, 523, 524, 525, 526, 531, 532, 536, 540, 543]
12	4	[545, 552, 557, 558, 559, 560, 561, 562, 564, 566]
12	6	[545, 552, 554, 557, 561, 562, 563, 564, 565, 566]
12	11	[552, 556, 557, 559, 560, 561, 562, 564, 565, 566]
12	13	[545, 552, 557, 558, 559, 560, 561, 562, 564, 566]
12	19	[552, 554, 555, 557, 558, 561, 562, 563, 564, 566]
12	23	[547, 549, 552, 555, 557, 559, 561, 564, 565, 566]
13	1	[567, 568, 569, 570, 572, 576, 580, 581, 582, 583]
13	5	[569, 570, 572, 577, 580, 581, 582, 583, 584, 585]
13	12	[568, 569, 570, 572, 577, 580, 583, 586, 587, 589]
13	14	[567, 568, 569, 570, 572, 580, 582, 583, 586, 589]
13	17	[567, 568, 569, 570, 571, 572, 576, 580, 582, 583]
13	24	[567, 568, 569, 570, 571, 572, 575, 580, 587, 589]
14	2	[590, 591, 592, 593, 594, 595, 605, 607, 609, 610]
14	8	[590, 591, 592, 593, 594, 595, 596, 605, 610, 611]
14	11	[591, 592, 593, 594, 595, 596, 605, 609, 610, 611]
14	15	[590, 591, 592, 593, 595, 596, 605, 608, 609, 610]
14	19	[590, 591, 592, 593, 594, 595, 596, 605, 609, 610]
14	21	[590, 594, 595, 596, 597, 604, 605, 607, 609, 612]
141	25	[5216, 5219, 5220, 5223, 5241, 5242, 5255, 5260, 5267, 5278]
141	26	[5219, 5220, 5223, 5239, 5243, 5245, 5267, 5270, 5285, 5286]
141	27	[5218, 5219, 5220, 5222, 5224, 5225, 5227, 5235, 5243, 5247]
141	28	[5217, 5219, 5220, 5222, 5243, 5245, 5247, 5267, 5270, 5286]
141	29	[5216, 5219, 5220, 5222, 5224, 5234, 5236, 5239, 5243, 5287]
141	30	[5216, 5219, 5220, 5221, 5222, 5224, 5225, 5243, 5265, 5286]
142	25	[5290, 5292, 5294, 5295, 5302, 5314, 5318, 5319, 5323, 5325]
142	26	[5288, 5291, 5292, 5294, 5302, 5307, 5314, 5316, 5322, 5323]
142	27	[5289, 5292, 5293, 5294, 5302, 5307, 5314, 5319, 5322, 5325]
142	28	[5289, 5293, 5294, 5295, 5305, 5307, 5314, 5319, 5322, 5325]
142	29	[5290, 5292, 5294, 5296, 5301, 5304, 5305, 5309, 5310, 5314]
142	30	[5288, 5289, 5290, 5292, 5293, 5294, 5296, 5317, 5322, 5323]
143	25	[5327, 5330, 5334, 5341, 5342, 5349, 5371, 5373, 5394, 5396]
143	26	[5329, 5331, 5335, 5342, 5343, 5345, 5386, 5387, 5390, 5394]
143	27	[5330, 5334, 5343, 5345, 5346, 5354, 5356, 5390, 5394, 5396]
143	28	[5327, 5330, 5340, 5341, 5342, 5343, 5347, 5353, 5356, 5367]
143	29	[5326, 5329, 5334, 5336, 5341, 5345, 5347, 5354, 5356, 5396]
143	30	[5330, 5331, 5332, 5334, 5335, 5343, 5344, 5345, 5346, 5367]
144	25	[5402, 5403, 5408, 5411, 5432, 5436, 5445, 5457, 5460, 5462]
144	26	[5402, 5403, 5406, 5407, 5411, 5414, 5415, 5432, 5451, 5462]
144	27	[5400, 5403, 5407, 5408, 5409, 5411, 5430, 5436, 5453, 5462]
144	28	[5399, 5402, 5403, 5407, 5411, 5432, 5434, 5436, 5457, 5459]
144	29	[5399, 5403, 5406, 5408, 5410, 5411, 5412, 5429, 5432, 5461]
144	30	[5400, 5401, 5402, 5403, 5407, 5408, 5411, 5421, 5451, 5462]
145	25	[5463, 5466, 5467, 5470, 5471, 5484, 5485, 5489, 5490, 5491]
145	26	[5463, 5464, 5467, 5468, 5470, 5471, 5472, 5481, 5485, 5491]
145	27	[5463, 5466, 5467, 5469, 5470, 5471, 5473, 5474, 5490, 5491]
145	28	[5463, 5464, 5466, 5468, 5470, 5471, 5479, 5485, 5486, 5491]
145	29	[5463, 5465, 5469, 5476, 5477, 5478, 5483, 5484, 5490, 5491]
145	30	[5463, 5466, 5467, 5470, 5471, 5473, 5474, 5475, 5484, 5485]
146	25	[5494, 5499, 5503, 5504, 5508, 5509, 5511, 5512, 5514, 5523]
146	26	[5492, 5494, 5504, 5505, 5507, 5510, 5511, 5513, 5514, 5523]
146	27	[5492, 5494, 5503, 5504, 5510, 5511, 5512, 5513, 5514, 5523]
146	28	[5492, 5494, 5497, 5503, 5504, 5507, 5513, 5514, 5515, 5523]
146	29	[5492, 5494, 5497, 5498, 5500, 5502, 5504, 5514, 5515, 5523]
146	30	[5492, 5493, 5494, 5495, 5497, 5503, 5504, 5514, 5515, 5523]
147	25	[5524, 5543, 5547, 5548, 5549, 5551, 5552, 5554, 5555, 5556]
147	26	[5524, 5530, 5543, 5544, 5545, 5547, 5548, 5549, 5551, 5552]
147	27	[5524, 5540, 5545, 5546, 5547, 5548, 5549, 5551, 5552, 5554]
147	28	[5524, 5534, 5540, 5542, 5543, 5547, 5548, 5549, 5551, 5552]
147	29	[5524, 5525, 5527, 5530, 5531, 5540, 5542, 5545, 5548, 5553]
147	30	[5524, 5527, 5540, 5543, 5545, 5547, 5548, 5549, 5551, 5553]
148	25	[5562, 5564, 5565, 5567, 5570, 5571, 5572, 5574, 5576, 5577]
148	26	[5562, 5568, 5569, 5570, 5571, 5572, 5575, 5576, 5577, 5578]
148	27	[5562, 5565, 5567, 5570, 5572, 5573, 5575, 5576, 5577, 5578]
148	28	[5562, 5565, 5567, 5570, 5571, 5572, 5575, 5576, 5577, 5578]
148	29	[5557, 5558, 5562, 5563, 5565, 5567, 5569, 5572, 5574, 5575]
148	30	[5557, 5564, 5565, 5566, 5567, 5570, 5571, 5575, 5576, 5577]
149	25	[5579, 5580, 5584, 5585, 5586, 5587, 5588, 5589, 5590, 5597]
149	26	[5579, 5580, 5581, 5582, 5584, 5585, 5586, 5588, 5589, 5590]
149	27	[5579, 5580, 5581, 5583, 5584, 5585, 5586, 5588, 5589, 5590]
149	28	[5579, 5580, 5581, 5584, 5585, 5586, 5588, 5589, 5590, 5597]
149	29	[5579, 5580, 5582, 5584, 5587, 5590, 5592, 5593, 5596, 5597]
149	30	[5579, 5580, 5584, 5585, 5586, 5588, 5589, 5590, 5591, 5597]
15	3	[614, 615, 618, 619, 624, 627, 629, 630, 632, 633]
15	8	[614, 615, 619, 623, 626, 627, 628, 630, 632, 633]
15	9	[614, 615, 619, 620, 627, 628, 630, 631, 632, 633]
15	15	[614, 615, 619, 620, 623, 627, 628, 630, 631, 632]
15	20	[614, 615, 620, 627, 628, 629, 630, 631, 632, 633]
15	22	[614, 615, 619, 620, 623, 627, 628, 629, 630, 633]
150	25	[5599, 5600, 5604, 5605, 5629, 5633, 5637, 5643, 5646, 5647]
150	26	[5629, 5630, 5631, 5632, 5634, 5635, 5637, 5638, 5641, 5644]
150	27	[5599, 5600, 5604, 5629, 5630, 5631, 5632, 5634, 5637, 5638]
150	28	[5599, 5612, 5614, 5616, 5629, 5631, 5633, 5634, 5637, 5638]
150	29	[5599, 5601, 5629, 5630, 5631, 5635, 5636, 5637, 5639, 5640]
150	30	[5599, 5600, 5604, 5605, 5625, 5628, 5629, 5632, 5634, 5637]
151	25	[5649, 5650, 5651, 5652, 5653, 5654, 5655, 5660, 5667, 5668]
151	26	[5649, 5652, 5653, 5654, 5657, 5660, 5662, 5663, 5667, 5668]
151	27	[5649, 5651, 5653, 5657, 5660, 5663, 5665, 5666, 5667, 5668]
151	28	[5649, 5652, 5653, 5654, 5660, 5662, 5663, 5666, 5667, 5668]
151	29	[5649, 5653, 5654, 5657, 5658, 5660, 5661, 5663, 5667, 5668]
151	30	[5649, 5653, 5654, 5657, 5658, 5660, 5663, 5666, 5667, 5668]
152	25	[5669, 5675, 5682, 5692, 5699, 5700, 5701, 5702, 5703, 5704]
152	26	[5669, 5670, 5671, 5674, 5676, 5679, 5696, 5700, 5701, 5702]
152	27	[5669, 5672, 5675, 5677, 5679, 5681, 5697, 5702, 5705, 5706]
152	28	[5669, 5670, 5671, 5676, 5679, 5682, 5699, 5702, 5704, 5707]
152	29	[5669, 5670, 5677, 5680, 5681, 5687, 5692, 5704, 5705, 5706]
152	30	[5669, 5670, 5671, 5675, 5676, 5679, 5680, 5682, 5696, 5704]
153	25	[5709, 5710, 5711, 5714, 5727, 5731, 5739, 5740, 5742, 5743]
153	26	[5709, 5711, 5714, 5715, 5727, 5738, 5739, 5740, 5741, 5743]
153	27	[5708, 5709, 5710, 5712, 5718, 5719, 5727, 5735, 5740, 5743]
153	28	[5708, 5710, 5714, 5715, 5718, 5720, 5735, 5739, 5740, 5743]
153	29	[5708, 5710, 5714, 5715, 5719, 5722, 5723, 5735, 5740, 5743]
153	30	[5709, 5710, 5712, 5719, 5735, 5736, 5737, 5738, 5741, 5743]
154	25	[5746, 5747, 5748, 5750, 5761, 5789, 5797, 5800, 5803, 5809]
154	26	[5745, 5749, 5758, 5760, 5761, 5765, 5772, 5800, 5804, 5809]
154	27	[5746, 5748, 5751, 5752, 5754, 5761, 5789, 5795, 5800, 5803]
154	28	[5745, 5748, 5761, 5763, 5765, 5796, 5799, 5800, 5808, 5812]
154	29	[5744, 5746, 5748, 5749, 5789, 5797, 5799, 5800, 5802, 5809]
154	30	[5748, 5752, 5754, 5761, 5763, 5795, 5800, 5801, 5803, 5810]
155	25	[5814, 5831, 5836, 5837, 5839, 5840, 5841, 5843, 5844, 5845]
155	26	[5815, 5830, 5835, 5836, 5838, 5839, 5840, 5841, 5844, 5845]
155	27	[5816, 5822, 5833, 5836, 5837, 5839, 5841, 5842, 5843, 5844]
155	28	[5815, 5822, 5826, 5830, 5836, 5838, 5839, 5840, 5841, 5844]
155	29	[5814, 5816, 5817, 5818, 5822, 5827, 5830, 5832, 5841, 5844]
155	30	[5814, 5816, 5820, 5821, 5823, 5826, 5827, 5836, 5841, 5843]
156	25	[5846, 5847, 5850, 5852, 5855, 5856, 5862, 5863, 5864, 5865]
156	26	[5848, 5849, 5850, 5851, 5853, 5855, 5856, 5863, 5864, 5865]
156	27	[5846, 5847, 5849, 5850, 5852, 5853, 5855, 5857, 5864, 5865]
156	28	[5847, 5848, 5850, 5851, 5852, 5855, 5858, 5863, 5864, 5865]
156	29	[5846, 5847, 5849, 5852, 5855, 5857, 5862, 5863, 5864, 5865]
156	30	[5846, 5848, 5850, 5852, 5855, 5856, 5861, 5862, 5863, 5865]
157	25	[5866, 5867, 5868, 5869, 5875, 5890, 5891, 5892, 5894, 5896]
157	26	[5867, 5869, 5873, 5885, 5888, 5889, 5890, 5893, 5894, 5896]
157	27	[5866, 5867, 5869, 5875, 5885, 5889, 5890, 5891, 5893, 5896]
157	28	[5867, 5869, 5871, 5884, 5885, 5888, 5890, 5891, 5893, 5896]
157	29	[5866, 5867, 5868, 5872, 5873, 5879, 5886, 5887, 5889, 5893]
157	30	[5866, 5867, 5869, 5881, 5885, 5886, 5888, 5890, 5891, 5893]
158	25	[5898, 5899, 5900, 5902, 5904, 5906, 5916, 5921, 5922, 5923]
158	26	[5897, 5899, 5903, 5905, 5906, 5909, 5916, 5919, 5921, 5923]
158	27	[5899, 5900, 5903, 5904, 5906, 5907, 5919, 5921, 5922, 5923]
158	28	[5897, 5898, 5899, 5900, 5904, 5906, 5914, 5919, 5921, 5923]
158	29	[5897, 5898, 5899, 5903, 5904, 5906, 5907, 5913, 5921, 5922]
158	30	[5897, 5898, 5899, 5900, 5904, 5906, 5907, 5919, 5921, 5923]
159	25	[5924, 5925, 5927, 5931, 5935, 5938, 5939, 5941, 5942, 5943]
159	26	[5924, 5925, 5927, 5929, 5935, 5938, 5939, 5940, 5941, 5943]
159	27	[5925, 5927, 5928, 5935, 5938, 5940, 5941, 5942, 5943, 5944]
159	28	[5924, 5925, 5926, 5927, 5931, 5938, 5940, 5941, 5942, 5943]
159	29	[5924, 5925, 5926, 5929, 5931, 5934, 5935, 5937, 5940, 5941]
159	30	[5924, 5925, 5929, 5931, 5935, 5937, 5938, 5940, 5941, 5943]
16	4	[636, 642, 646, 647, 652, 654, 661, 663, 664, 667]
16	7	[635, 636, 640, 646, 647, 654, 656, 661, 664, 675]
16	9	[637, 647, 651, 652, 653, 654, 655, 656, 663, 664]
16	15	[636, 646, 647, 650, 651, 652, 653, 662, 664, 668]
16	17	[635, 636, 647, 652, 661, 662, 663, 664, 667, 675]
16	22	[637, 646, 647, 650, 651, 652, 653, 661, 664, 681]
160	25	[5945, 5946, 5951, 5956, 5957, 5958, 5959, 5964, 5966, 5967]
160	26	[5946, 5947, 5957, 5960, 5961, 5962, 5963, 5964, 5966, 5967]
160	27	[5945, 5946, 5947, 5948, 5951, 5957, 5962, 5963, 5964, 5967]
160	28	[5946, 5951, 5955, 5956, 5957, 5959, 5960, 5964, 5966, 5967]
160	29	[5945, 5946, 5947, 5956, 5957, 5958, 5959, 5961, 5962, 5963]
160	30	[5946, 5950, 5951, 5952, 5956, 5957, 5959, 5960, 5964, 5967]
161	25	[5968, 5969, 5970, 5971, 5972, 5979, 5980, 5983, 5998, 6008]
161	26	[5968, 5969, 5971, 5972, 5975, 5976, 5977, 5980, 5981, 6002]
161	27	[5968, 5969, 5973, 5975, 5978, 5980, 5981, 5982, 5983, 6003]
161	28	[5969, 5972, 5981, 5982, 5983, 5984, 5998, 5999, 6006, 6007]
161	29	[5968, 5970, 5971, 5972, 5975, 5977, 5980, 5986, 6007, 6008]
161	30	[5968, 5969, 5970, 5975, 5976, 5980, 5982, 5989, 5999, 6007]
162	25	[6009, 6010, 6035, 6038, 6039, 6040, 6042, 6045, 6046, 6050]
162	26	[6010, 6035, 6036, 6038, 6039, 6040, 6041, 6042, 6050, 6051]
162	27	[6010, 6016, 6035, 6038, 6039, 6040, 6042, 6044, 6048, 6050]
162	28	[6010, 6014, 6035, 6036, 6038, 6040, 6041, 6042, 6045, 6047]
162	29	[6009, 6010, 6014, 6016, 6018, 6021, 6038, 6039, 6042, 6046]
162	30	[6010, 6014, 6018, 6022, 6034, 6036, 6038, 6039, 6044, 6046]
163	25	[6052, 6062, 6072, 6074, 6083, 6084, 6085, 6086, 6087, 6089]
163	26	[6055, 6070, 6076, 6077, 6080, 6081, 6083, 6084, 6086, 6089]
163	27	[6054, 6056, 6057, 6071, 6072, 6075, 6083, 6084, 6086, 6089]
163	28	[6052, 6054, 6058, 6071, 6075, 6081, 6083, 6084, 6086, 6089]
163	29	[6052, 6055, 6056, 6057, 6059, 6061, 6064, 6069, 6075, 6079]
163	30	[6054, 6058, 6075, 6076, 6077, 6080, 6081, 6083, 6084, 6089]
164	25	[6090, 6091, 6093, 6094, 6100, 6112, 6117, 6121, 6122, 6132]
164	26	[6090, 6091, 6092, 6103, 6112, 6113, 6117, 6121, 6123, 6132]
164	27	[6090, 6091, 6092, 6093, 6094, 6095, 6109, 6122, 6124, 6132]
164	28	[6090, 6095, 6100, 6108, 6114, 6121, 6122, 6125, 6130, 6132]
164	29	[6090, 6091, 6092, 6093, 6105, 6114, 6116, 6121, 6130, 6131]
164	30	[6090, 6093, 6100, 6112, 6114, 6117, 6122, 6124, 6131, 6132]
165	25	[6133, 6134, 6145, 6156, 6157, 6158, 6168, 6170, 6186, 6187]
165	26	[6134, 6136, 6150, 6151, 6154, 6157, 6158, 6169, 6184, 6188]
165	27	[6133, 6137, 6149, 6157, 6159, 6169, 6181, 6186, 6188, 6192]
165	28	[6134, 6138, 6142, 6150, 6155, 6159, 6169, 6187, 6188, 6192]
165	29	[6133, 6135, 6137, 6149, 6162, 6173, 6178, 6181, 6186, 6193]
165	30	[6134, 6136, 6138, 6139, 6157, 6158, 6164, 6176, 6188, 6193]
17	2	[705, 706, 707, 708, 709, 712, 714, 717, 718, 719]
17	7	[688, 704, 705, 706, 707, 708, 709, 717, 718, 719]
17	9	[688, 704, 705, 707, 708, 709, 711, 714, 715, 718]
17	16	[686, 688, 697, 704, 705, 706, 707, 709, 716, 717]
17	19	[688, 704, 705, 707, 708, 709, 711, 715, 716, 718]
17	24	[688, 704, 705, 706, 710, 711, 712, 713, 714, 715]
18	3	[720, 722, 733, 734, 736, 737, 739, 740, 743, 746]
18	8	[720, 726, 728, 730, 733, 737, 738, 741, 745, 746]
18	10	[720, 722, 733, 734, 737, 740, 742, 743, 745, 746]
18	13	[720, 721, 722, 733, 735, 736, 737, 741, 742, 743]
18	17	[720, 722, 729, 730, 731, 735, 737, 740, 742, 743]
18	24	[720, 722, 726, 735, 736, 737, 739, 740, 743, 745]
19	3	[748, 750, 752, 758, 759, 760, 762, 766, 767, 772]
19	5	[750, 753, 759, 760, 762, 766, 767, 768, 770, 771]
19	10	[748, 750, 758, 759, 760, 761, 762, 764, 766, 767]
19	16	[748, 750, 752, 753, 755, 759, 760, 766, 767, 768]
19	18	[753, 759, 760, 761, 762, 763, 766, 768, 769, 771]
19	21	[750, 759, 760, 761, 762, 763, 764, 766, 767, 768]
2	2	[24, 26, 35, 48, 64, 84, 88, 113, 114, 126]
2	7	[35, 36, 38, 39, 87, 88, 89, 114, 116, 126]
2	12	[24, 36, 46, 91, 97, 114, 116, 118, 125, 126]
2	15	[24, 32, 35, 55, 87, 89, 117, 123, 124, 126]
2	19	[24, 55, 59, 87, 89, 95, 116, 123, 124, 126]
2	23	[38, 39, 40, 44, 72, 81, 83, 97, 98, 99]
20	1	[774, 775, 776, 778, 779, 780, 782, 789, 792, 794]
20	7	[774, 775, 776, 778, 779, 780, 782, 785, 792, 794]
20	9	[773, 774, 775, 776, 777, 778, 779, 781, 792, 793]
20	13	[774, 776, 778, 779, 782, 784, 785, 786, 792, 794]
20	18	[774, 775, 776, 777, 778, 779, 781, 792, 793, 794]
20	22	[774, 775, 776, 777, 778, 779, 781, 784, 793, 794]
21	4	[796, 797, 799, 800, 808, 821, 822, 823, 824, 825]
21	5	[796, 797, 800, 806, 808, 811, 819, 822, 824, 825]
21	9	[795, 796, 797, 800, 808, 810, 821, 822, 824, 825]
21	14	[796, 797, 799, 800, 806, 807, 815, 822, 824, 825]
21	19	[796, 797, 798, 800, 808, 811, 819, 821, 824, 825]
21	22	[795, 796, 797, 799, 800, 808, 821, 822, 824, 825]
22	3	[826, 829, 836, 838, 840, 841, 846, 847, 848, 851]
22	5	[826, 827, 831, 841, 846, 848, 849, 850, 851, 853]
22	9	[826, 827, 828, 829, 830, 831, 847, 850, 851, 853]
22	14	[826, 827, 841, 846, 847, 848, 850, 851, 852, 853]
22	17	[826, 827, 828, 829, 838, 841, 848, 850, 851, 852]
22	21	[826, 827, 828, 829, 830, 847, 850, 851, 852, 853]
23	2	[855, 856, 859, 861, 865, 873, 874, 876, 878, 879]
23	7	[855, 859, 862, 863, 866, 873, 874, 875, 876, 879]
23	9	[854, 855, 858, 859, 860, 861, 862, 863, 873, 874]
23	14	[854, 858, 859, 864, 873, 874, 875, 876, 878, 879]
23	17	[854, 859, 860, 861, 862, 863, 867, 875, 876, 877]
23	21	[854, 855, 857, 858, 859, 864, 873, 874, 876, 879]
24	1	[880, 899, 904, 905, 906, 908, 909, 910, 912, 913]
24	6	[883, 890, 902, 904, 905, 906, 909, 910, 912, 913]
24	9	[880, 904, 905, 906, 907, 908, 910, 911, 912, 913]
24	13	[880, 882, 890, 893, 902, 904, 906, 907, 910, 913]
24	18	[880, 899, 904, 905, 906, 907, 909, 910, 912, 913]
24	23	[883, 891, 899, 902, 904, 905, 908, 910, 912, 913]
25	1	[914, 916, 919, 920, 921, 926, 928, 929, 934, 939]
25	8	[914, 919, 920, 922, 924, 926, 928, 931, 933, 940]
25	12	[914, 915, 919, 924, 928, 929, 930, 934, 940, 941]
25	15	[915, 916, 917, 919, 927, 928, 929, 932, 934, 940]
25	19	[914, 915, 916, 918, 920, 927, 928, 929, 932, 934]
25	21	[914, 917, 918, 919, 922, 928, 929, 933, 934, 940]
26	3	[942, 944, 950, 953, 954, 969, 970, 971, 972, 974]
26	6	[947, 954, 955, 958, 959, 965, 968, 969, 970, 971]
26	10	[947, 949, 954, 955, 959, 969, 970, 971, 972, 973]
26	13	[942, 943, 948, 950, 967, 969, 970, 971, 972, 975]
26	18	[942, 943, 954, 969, 970, 971, 972, 973, 974, 975]
26	24	[943, 944, 949, 953, 955, 959, 962, 969, 970, 971]
27	4	[979, 980, 981, 982, 984, 985, 988, 990, 991, 995]
27	8	[977, 979, 981, 982, 984, 988, 990, 991, 998, 1015]
27	10	[977, 978, 979, 984, 987, 988, 990, 993, 996, 1015]
27	16	[979, 981, 982, 983, 985, 986, 988, 992, 993, 995]
27	19	[979, 980, 981, 982, 984, 988, 990, 992, 998, 1015]
27	22	[979, 981, 982, 985, 987, 988, 990, 991, 993, 995]
28	2	[1016, 1017, 1024, 1025, 1026, 1027, 1032, 1035, 1036, 1037]
28	5	[1016, 1020, 1023, 1024, 1025, 1029, 1033, 1035, 1036, 1037]
28	11	[1016, 1020, 1021, 1024, 1027, 1029, 1033, 1035, 1036, 1037]
28	15	[1016, 1020, 1021, 1024, 1025, 1031, 1033, 1035, 1036, 1037]
28	17	[1017, 1020, 1024, 1025, 1027, 1029, 1030, 1033, 1036, 1037]
28	23	[1016, 1019, 1021, 1024, 1025, 1029, 1030, 1033, 1036, 1037]
29	2	[1038, 1042, 1043, 1048, 1053, 1054, 1057, 1058, 1060, 1063]
29	8	[1038, 1043, 1044, 1048, 1053, 1054, 1057, 1058, 1059, 1061]
29	12	[1038, 1041, 1044, 1045, 1054, 1055, 1057, 1058, 1061, 1063]
29	15	[1038, 1039, 1042, 1043, 1044, 1045, 1053, 1055, 1057, 1063]
29	18	[1038, 1039, 1049, 1053, 1054, 1055, 1057, 1060, 1062, 1063]
29	24	[1038, 1039, 1040, 1044, 1053, 1054, 1057, 1058, 1061, 1063]
3	3	[130, 136, 138, 144, 147, 162, 170, 177, 178, 183]
3	7	[127, 133, 137, 138, 143, 147, 162, 165, 168, 183]
3	9	[127, 130, 132, 133, 135, 137, 141, 147, 162, 183]
3	13	[130, 132, 133, 135, 136, 137, 138, 139, 147, 183]
3	18	[130, 136, 141, 144, 147, 162, 164, 168, 177, 183]
3	21	[127, 130, 133, 135, 136, 142, 147, 174, 180, 183]
30	1	[1064, 1065, 1066, 1067, 1069, 1071, 1079, 1081, 1082, 1087]
30	5	[1064, 1065, 1067, 1070, 1074, 1082, 1083, 1084, 1085, 1086]
30	11	[1064, 1065, 1067, 1068, 1069, 1081, 1082, 1083, 1086, 1087]
30	16	[1064, 1065, 1067, 1069, 1071, 1075, 1077, 1079, 1080, 1087]
30	18	[1064, 1065, 1066, 1067, 1068, 1069, 1076, 1082, 1083, 1087]
30	24	[1064, 1067, 1069, 1070, 1076, 1082, 1083, 1084, 1085, 1087]
31	3	[1088, 1089, 1090, 1093, 1103, 1105, 1107, 1108, 1118, 1120]
31	6	[1088, 1089, 1090, 1092, 1096, 1097, 1109, 1110, 1111, 1119]
31	12	[1088, 1089, 1090, 1092, 1093, 1094, 1098, 1108, 1110, 1119]
31	16	[1089, 1090, 1097, 1098, 1103, 1104, 1117, 1118, 1119, 1120]
31	19	[1088, 1089, 1090, 1091, 1093, 1094, 1096, 1097, 1104, 1119]
31	24	[1088, 1089, 1090, 1091, 1093, 1094, 1097, 1118, 1119, 1120]
32	4	[1122, 1126, 1128, 1133, 1136, 1137, 1138, 1139, 1142, 1143]
32	8	[1121, 1122, 1123, 1124, 1126, 1136, 1138, 1139, 1143, 1144]
32	9	[1126, 1133, 1136, 1137, 1138, 1139, 1140, 1142, 1143, 1144]
32	15	[1125, 1126, 1133, 1136, 1137, 1138, 1139, 1140, 1142, 1143]
32	20	[1121, 1122, 1123, 1127, 1128, 1131, 1136, 1137, 1141, 1143]
32	22	[1125, 1126, 1127, 1128, 1136, 1137, 1138, 1140, 1142, 1143]
33	2	[1145, 1147, 1148, 1150, 1151, 1162, 1165, 1169, 1172, 1173]
33	5	[1146, 1147, 1151, 1155, 1158, 1160, 1163, 1164, 1172, 1173]
33	11	[1146, 1149, 1150, 1153, 1154, 1157, 1161, 1162, 1165, 1172]
33	15	[1146, 1147, 1148, 1149, 1150, 1151, 1161, 1162, 1165, 1172]
33	17	[1145, 1148, 1150, 1151, 1161, 1162, 1163, 1164, 1165, 1172]
33	22	[1146, 1147, 1148, 1150, 1151, 1161, 1162, 1163, 1169, 1172]
34	2	[1174, 1175, 1176, 1179, 1185, 1186, 1192, 1193, 1194, 1195]
34	6	[1174, 1176, 1179, 1185, 1189, 1190, 1191, 1193, 1194, 1195]
34	10	[1174, 1176, 1179, 1182, 1187, 1188, 1189, 1193, 1194, 1195]
34	16	[1174, 1176, 1177, 1178, 1179, 1183, 1184, 1185, 1194, 1195]
34	19	[1174, 1175, 1176, 1185, 1186, 1189, 1192, 1193, 1194, 1195]
34	22	[1174, 1175, 1176, 1179, 1185, 1186, 1192, 1193, 1194, 1195]
35	4	[1196, 1197, 1198, 1199, 1200, 1201, 1202, 1206, 1218, 1223]
35	6	[1196, 1197, 1198, 1199, 1200, 1201, 1202, 1205, 1215, 1223]
35	9	[1196, 1197, 1198, 1199, 1200, 1201, 1202, 1203, 1207, 1215]
35	14	[1196, 1199, 1200, 1201, 1202, 1203, 1204, 1207, 1208, 1223]
35	17	[1196, 1197, 1198, 1200, 1201, 1202, 1218, 1220, 1222, 1223]
35	24	[1196, 1197, 1198, 1199, 1200, 1201, 1202, 1203, 1204, 1207]
36	2	[1224, 1226, 1228, 1229, 1236, 1241, 1275, 1276, 1277, 1280]
36	7	[1224, 1225, 1226, 1228, 1229, 1241, 1266, 1275, 1278, 1280]
36	10	[1225, 1227, 1228, 1229, 1243, 1245, 1258, 1264, 1277, 1280]
36	13	[1224, 1225, 1228, 1236, 1241, 1243, 1251, 1276, 1277, 1280]
36	18	[1224, 1225, 1226, 1227, 1228, 1229, 1230, 1241, 1277, 1280]
36	21	[1224, 1226, 1228, 1231, 1236, 1253, 1254, 1277, 1279, 1280]
37	3	[1281, 1282, 1287, 1288, 1291, 1296, 1297, 1298, 1302, 1303]
37	5	[1282, 1287, 1290, 1291, 1292, 1294, 1295, 1296, 1297, 1301]
37	12	[1282, 1285, 1288, 1289, 1291, 1293, 1294, 1296, 1300, 1302]
37	14	[1282, 1285, 1288, 1289, 1290, 1291, 1293, 1294, 1296, 1302]
37	19	[1281, 1288, 1289, 1290, 1291, 1295, 1297, 1299, 1301, 1303]
37	23	[1285, 1287, 1291, 1292, 1296, 1297, 1299, 1301, 1302, 1303]
38	3	[1307, 1309, 1312, 1313, 1314, 1315, 1317, 1320, 1321, 1322]
38	8	[1305, 1308, 1310, 1312, 1314, 1315, 1317, 1321, 1322, 1323]
38	12	[1306, 1309, 1311, 1313, 1314, 1315, 1317, 1320, 1322, 1323]
38	13	[1307, 1313, 1314, 1315, 1316, 1318, 1320, 1321, 1322, 1323]
38	20	[1309, 1310, 1311, 1314, 1315, 1316, 1317, 1319, 1321, 1322]
38	21	[1305, 1306, 1308, 1311, 1312, 1314, 1315, 1319, 1321, 1323]
39	1	[1327, 1328, 1329, 1330, 1331, 1332, 1336, 1342, 1348, 1350]
39	7	[1324, 1326, 1332, 1336, 1342, 1345, 1347, 1348, 1349, 1350]
39	9	[1324, 1325, 1336, 1342, 1344, 1345, 1346, 1347, 1348, 1349]
39	14	[1325, 1326, 1330, 1331, 1332, 1333, 1343, 1347, 1349, 1350]
39	18	[1324, 1329, 1330, 1331, 1336, 1342, 1344, 1345, 1348, 1350]
39	23	[1328, 1329, 1330, 1331, 1332, 1337, 1338, 1340, 1342, 1348]
4	3	[184, 185, 186, 189, 193, 195, 196, 216, 220, 222]
4	5	[185, 188, 191, 193, 196, 197, 200, 203, 216, 222]
4	10	[186, 188, 189, 194, 196, 197, 204, 220, 222, 223]
4	13	[184, 185, 186, 187, 190, 192, 193, 196, 197, 220]
4	19	[184, 186, 188, 189, 191, 193, 196, 200, 220, 223]
4	24	[184, 185, 187, 190, 191, 192, 198, 220, 221, 222]
40	1	[1351, 1352, 1357, 1358, 1362, 1365, 1368, 1370, 1371, 1372]
40	5	[1351, 1352, 1358, 1361, 1363, 1367, 1368, 1370, 1371, 1372]
40	11	[1351, 1352, 1353, 1358, 1364, 1366, 1367, 1368, 1370, 1371]
40	13	[1351, 1352, 1358, 1360, 1361, 1367, 1368, 1369, 1370, 1371]
40	19	[1351, 1352, 1355, 1357, 1358, 1363, 1368, 1369, 1370, 1372]
40	23	[1352, 1355, 1360, 1361, 1363, 1364, 1367, 1368, 1370, 1372]
41	2	[1375, 1382, 1386, 1387, 1388, 1390, 1391, 1393, 1394, 1395]
41	5	[1375, 1383, 1387, 1388, 1389, 1391, 1392, 1393, 1394, 1395]
41	9	[1381, 1383, 1387, 1388, 1389, 1390, 1392, 1393, 1394, 1395]
41	14	[1375, 1382, 1383, 1385, 1386, 1387, 1392, 1393, 1394, 1395]
41	19	[1375, 1383, 1387, 1388, 1389, 1390, 1391, 1392, 1394, 1395]
41	21	[1375, 1382, 1383, 1385, 1387, 1388, 1389, 1392, 1393, 1394]
42	2	[1396, 1398, 1401, 1404, 1407, 1423, 1437, 1438, 1440, 1441]
42	8	[1397, 1399, 1400, 1402, 1406, 1407, 1411, 1414, 1440, 1441]
42	12	[1396, 1398, 1399, 1401, 1406, 1410, 1414, 1431, 1437, 1440]
42	14	[1396, 1402, 1406, 1409, 1410, 1413, 1431, 1435, 1439, 1441]
42	19	[1400, 1402, 1408, 1409, 1411, 1415, 1422, 1436, 1438, 1441]
42	24	[1397, 1402, 1403, 1410, 1414, 1415, 1429, 1431, 1434, 1440]
43	1	[1442, 1443, 1444, 1447, 1472, 1476, 1482, 1483, 1484, 1485]
43	5	[1445, 1448, 1450, 1476, 1477, 1478, 1479, 1483, 1484, 1485]
43	11	[1443, 1447, 1472, 1473, 1474, 1475, 1477, 1483, 1484, 1485]
43	13	[1443, 1444, 1448, 1450, 1476, 1477, 1478, 1479, 1483, 1485]
43	17	[1442, 1443, 1444, 1457, 1470, 1476, 1477, 1478, 1479, 1485]
43	23	[1458, 1472, 1475, 1476, 1477, 1478, 1479, 1481, 1484, 1485]
44	3	[1487, 1488, 1489, 1492, 1493, 1495, 1501, 1502, 1505, 1509]
44	7	[1487, 1489, 1491, 1493, 1495, 1501, 1503, 1504, 1510, 1511]
44	10	[1488, 1489, 1490, 1491, 1492, 1495, 1501, 1506, 1510, 1511]
44	14	[1486, 1487, 1488, 1489, 1493, 1495, 1501, 1503, 1504, 1510]
44	17	[1487, 1488, 1489, 1490, 1491, 1492, 1495, 1501, 1502, 1505]
44	24	[1486, 1488, 1489, 1490, 1491, 1492, 1493, 1499, 1503, 1504]
45	2	[1515, 1519, 1520, 1523, 1524, 1526, 1528, 1529, 1530, 1533]
45	7	[1515, 1516, 1519, 1526, 1527, 1528, 1529, 1530, 1532, 1533]
45	12	[1512, 1516, 1519, 1520, 1522, 1527, 1528, 1529, 1532, 1533]
45	15	[1512, 1519, 1520, 1521, 1524, 1526, 1528, 1530, 1531, 1532]
45	20	[1512, 1519, 1522, 1523, 1524, 1528, 1529, 1530, 1532, 1533]
45	24	[1512, 1514, 1515, 1516, 1518, 1519, 1523, 1524, 1525, 1531]
46	3	[1534, 1535, 1538, 1540, 1541, 1542, 1543, 1544, 1545, 1546]
46	8	[1534, 1535, 1536, 1538, 1539, 1540, 1543, 1544, 1546, 1550]
46	9	[1535, 1536, 1537, 1538, 1540, 1541, 1544, 1545, 1552, 1553]
46	16	[1534, 1535, 1536, 1537, 1540, 1541, 1544, 1547, 1552, 1553]
46	20	[1534, 1535, 1536, 1537, 1539, 1540, 1541, 1544, 1545, 1548]
46	24	[1535, 1536, 1537, 1539, 1540, 1544, 1545, 1546, 1547, 1548]
47	1	[1556, 1576, 1577, 1578, 1580, 1581, 1582, 1583, 1584, 1592]
47	8	[1556, 1575, 1576, 1577, 1578, 1580, 1581, 1582, 1589, 1592]
47	12	[1556, 1575, 1577, 1580, 1581, 1583, 1585, 1588, 1589, 1592]
47	13	[1556, 1568, 1573, 1577, 1580, 1581, 1585, 1588, 1591, 1592]
47	17	[1560, 1562, 1575, 1576, 1580, 1581, 1583, 1584, 1585, 1592]
47	21	[1555, 1556, 1577, 1580, 1581, 1582, 1583, 1585, 1588, 1592]
48	2	[1593, 1594, 1597, 1602, 1610, 1620, 1621, 1624, 1626, 1628]
48	7	[1595, 1597, 1605, 1617, 1618, 1622, 1624, 1626, 1627, 1628]
48	9	[1593, 1594, 1596, 1597, 1598, 1600, 1620, 1624, 1625, 1626]
48	15	[1594, 1595, 1596, 1597, 1600, 1610, 1624, 1625, 1626, 1627]
48	20	[1593, 1597, 1600, 1612, 1615, 1617, 1624, 1625, 1626, 1628]
48	23	[1593, 1596, 1597, 1605, 1610, 1612, 1617, 1620, 1621, 1626]
49	2	[1629, 1633, 1636, 1637, 1644, 1645, 1647, 1648, 1649, 1650]
49	5	[1636, 1637, 1638, 1640, 1642, 1643, 1644, 1645, 1646, 1649]
49	11	[1629, 1636, 1642, 1643, 1644, 1645, 1646, 1647, 1649, 1650]
49	15	[1636, 1637, 1639, 1643, 1644, 1645, 1646, 1647, 1649, 1650]
49	20	[1636, 1637, 1639, 1640, 1642, 1643, 1645, 1646, 1649, 1650]
49	22	[1629, 1636, 1637, 1638, 1639, 1640, 1641, 1642, 1649, 1650]
5	2	[224, 225, 229, 245, 250, 251, 253, 257, 260, 262]
5	6	[224, 225, 229, 241, 245, 250, 257, 260, 261, 263]
5	10	[224, 227, 229, 241, 242, 244, 245, 260, 261, 262]
5	16	[224, 229, 233, 238, 241, 244, 245, 260, 261, 262]
5	17	[224, 225, 229, 233, 241, 245, 260, 261, 262, 263]
5	24	[224, 226, 227, 233, 239, 243, 244, 259, 260, 262]
50	4	[1651, 1652, 1659, 1660, 1661, 1665, 1667, 1668, 1669, 1670]
50	6	[1651, 1652, 1659, 1660, 1663, 1665, 1666, 1667, 1668, 1670]
50	11	[1651, 1652, 1659, 1660, 1661, 1663, 1665, 1668, 1669, 1670]
50	13	[1651, 1652, 1658, 1659, 1660, 1661, 1665, 1667, 1668, 1670]
50	18	[1651, 1652, 1659, 1660, 1661, 1662, 1665, 1667, 1668, 1670]
50	21	[1651, 1652, 1659, 1663, 1664, 1665, 1667, 1668, 1669, 1670]
51	4	[1676, 1683, 1684, 1693, 1714, 1730, 1732, 1734, 1737, 1738]
51	6	[1671, 1672, 1683, 1684, 1689, 1692, 1693, 1719, 1720, 1721]
51	12	[1674, 1682, 1685, 1690, 1693, 1714, 1730, 1731, 1736, 1738]
51	15	[1681, 1682, 1685, 1687, 1689, 1690, 1713, 1731, 1734, 1738]
51	20	[1671, 1675, 1676, 1677, 1679, 1683, 1684, 1714, 1730, 1738]
51	22	[1671, 1681, 1682, 1688, 1693, 1714, 1730, 1732, 1734, 1738]
52	4	[1756, 1759, 1769, 1771, 1772, 1780, 1782, 1786, 1787, 1788]
52	8	[1770, 1771, 1774, 1776, 1778, 1779, 1781, 1782, 1786, 1787]
52	10	[1743, 1744, 1761, 1762, 1769, 1771, 1780, 1782, 1786, 1787]
52	16	[1754, 1756, 1757, 1768, 1769, 1771, 1772, 1782, 1786, 1787]
52	20	[1740, 1745, 1756, 1764, 1769, 1771, 1772, 1782, 1786, 1787]
52	23	[1756, 1761, 1762, 1776, 1777, 1778, 1780, 1781, 1782, 1784]
53	1	[1789, 1798, 1799, 1800, 1802, 1803, 1808, 1809, 1812, 1815]
53	8	[1796, 1798, 1799, 1800, 1802, 1803, 1804, 1809, 1812, 1813]
53	9	[1789, 1798, 1799, 1800, 1801, 1804, 1808, 1809, 1812, 1815]
53	13	[1798, 1799, 1800, 1801, 1802, 1803, 1804, 1807, 1809, 1812]
53	18	[1789, 1798, 1799, 1800, 1802, 1803, 1807, 1809, 1812, 1815]
53	21	[1798, 1799, 1800, 1801, 1802, 1803, 1804, 1805, 1806, 1815]
54	2	[1818, 1828, 1831, 1843, 1851, 1858, 1860, 1861, 1862, 1864]
54	8	[1818, 1819, 1826, 1827, 1828, 1829, 1850, 1851, 1860, 1861]
54	12	[1819, 1831, 1832, 1835, 1847, 1850, 1851, 1852, 1858, 1864]
54	14	[1825, 1831, 1835, 1843, 1846, 1847, 1848, 1858, 1859, 1865]
54	20	[1818, 1821, 1843, 1845, 1847, 1850, 1856, 1858, 1859, 1864]
54	22	[1833, 1845, 1847, 1848, 1849, 1850, 1851, 1856, 1858, 1859]
55	1	[1868, 1869, 1870, 1872, 1873, 1909, 1911, 1912, 1913, 1922]
55	7	[1867, 1870, 1871, 1879, 1883, 1888, 1905, 1911, 1912, 1913]
55	9	[1868, 1870, 1871, 1872, 1873, 1886, 1906, 1909, 1911, 1915]
55	13	[1867, 1869, 1873, 1879, 1888, 1911, 1912, 1913, 1915, 1922]
55	17	[1869, 1870, 1873, 1886, 1895, 1905, 1911, 1912, 1913, 1915]
55	23	[1869, 1870, 1872, 1873, 1884, 1888, 1892, 1917, 1920, 1922]
56	1	[1924, 1925, 1926, 1938, 1968, 1969, 1974, 1975, 1978, 1980]
56	8	[1925, 1926, 1938, 1959, 1964, 1967, 1968, 1969, 1970, 1996]
56	11	[1924, 1926, 1933, 1959, 1969, 1972, 1974, 1977, 1980, 1995]
56	16	[1924, 1938, 1969, 1977, 1980, 1981, 1982, 1983, 1984, 1994]
56	19	[1925, 1926, 1938, 1964, 1968, 1969, 1970, 1974, 1978, 1980]
56	22	[1924, 1938, 1969, 1970, 1971, 1974, 1977, 1979, 1980, 1986]
57	3	[2000, 2006, 2007, 2010, 2011, 2018, 2031, 2043, 2044, 2045]
57	5	[2000, 2001, 2002, 2003, 2004, 2006, 2007, 2008, 2013, 2044]
57	10	[2000, 2001, 2006, 2007, 2008, 2011, 2013, 2040, 2044, 2045]
57	14	[1999, 2002, 2003, 2004, 2006, 2013, 2028, 2041, 2042, 2043]
57	17	[2000, 2001, 2002, 2003, 2006, 2031, 2041, 2043, 2044, 2045]
57	24	[1999, 2000, 2001, 2003, 2005, 2007, 2038, 2040, 2042, 2046]
58	3	[2047, 2050, 2053, 2054, 2058, 2059, 2071, 2080, 2082, 2083]
58	6	[2047, 2050, 2053, 2069, 2078, 2080, 2081, 2082, 2083, 2084]
58	11	[2047, 2049, 2052, 2053, 2055, 2075, 2078, 2080, 2081, 2084]
58	14	[2047, 2048, 2049, 2053, 2055, 2078, 2079, 2081, 2082, 2084]
58	17	[2047, 2049, 2064, 2069, 2078, 2080, 2081, 2082, 2083, 2084]
58	21	[2047, 2049, 2053, 2054, 2057, 2058, 2063, 2082, 2083, 2084]
59	3	[2085, 2086, 2087, 2090, 2091, 2095, 2097, 2111, 2125, 2126]
59	6	[2085, 2086, 2087, 2092, 2097, 2109, 2111, 2124, 2125, 2129]
59	12	[2085, 2086, 2087, 2095, 2097, 2109, 2111, 2120, 2125, 2127]
59	16	[2085, 2086, 2087, 2106, 2109, 2111, 2118, 2125, 2126, 2129]
59	18	[2085, 2086, 2087, 2094, 2097, 2111, 2124, 2125, 2128, 2129]
59	21	[2086, 2087, 2090, 2092, 2094, 2097, 2120, 2125, 2128, 2129]
6	4	[272, 283, 284, 285, 287, 288, 289, 290, 291, 295]
6	5	[264, 267, 283, 284, 286, 287, 289, 291, 293, 294]
6	11	[265, 269, 272, 283, 284, 285, 287, 288, 289, 291]
6	14	[265, 266, 269, 271, 272, 281, 283, 284, 288, 294]
6	18	[264, 268, 274, 283, 284, 285, 288, 289, 291, 294]
6	23	[265, 268, 272, 283, 284, 287, 288, 289, 291, 292]
60	2	[2130, 2133, 2136, 2137, 2144, 2147, 2171, 2172, 2179, 2184]
60	8	[2130, 2133, 2136, 2149, 2170, 2171, 2172, 2175, 2177, 2184]
60	9	[2130, 2133, 2136, 2163, 2170, 2171, 2177, 2181, 2182, 2184]
60	15	[2130, 2133, 2136, 2144, 2148, 2150, 2170, 2171, 2180, 2182]
60	19	[2130, 2133, 2136, 2144, 2161, 2177, 2178, 2180, 2182, 2184]
60	22	[2130, 2133, 2134, 2135, 2136, 2137, 2170, 2180, 2183, 2184]
61	3	[2188, 2189, 2194, 2204, 2207, 2208, 2209, 2210, 2211, 2212]
61	5	[2185, 2186, 2187, 2188, 2194, 2200, 2204, 2206, 2211, 2212]
61	11	[2185, 2188, 2189, 2190, 2191, 2200, 2204, 2211, 2212, 2214]
61	16	[2199, 2200, 2202, 2203, 2206, 2208, 2209, 2210, 2211, 2212]
61	19	[2185, 2186, 2187, 2188, 2189, 2191, 2200, 2204, 2207, 2211]
61	23	[2188, 2194, 2206, 2207, 2208, 2209, 2210, 2211, 2212, 2214]
62	4	[2216, 2219, 2221, 2226, 2234, 2239, 2240, 2246, 2248, 2252]
62	7	[2219, 2221, 2226, 2230, 2234, 2239, 2241, 2246, 2247, 2251]
62	12	[2219, 2220, 2226, 2234, 2238, 2239, 2241, 2244, 2246, 2251]
62	14	[2216, 2221, 2226, 2234, 2239, 2241, 2243, 2245, 2251, 2252]
62	18	[2216, 2218, 2221, 2226, 2228, 2233, 2241, 2246, 2249, 2251]
62	22	[2216, 2218, 2219, 2221, 2234, 2239, 2246, 2247, 2248, 2251]
63	1	[2254, 2256, 2257, 2258, 2260, 2264, 2265, 2266, 2267, 2279]
63	6	[2256, 2257, 2258, 2260, 2262, 2264, 2265, 2266, 2267, 2279]
63	12	[2253, 2256, 2258, 2260, 2264, 2265, 2266, 2267, 2268, 2279]
63	15	[2256, 2260, 2264, 2265, 2266, 2267, 2268, 2272, 2275, 2279]
63	18	[2253, 2256, 2257, 2258, 2260, 2264, 2265, 2266, 2267, 2279]
63	23	[2253, 2256, 2264, 2265, 2266, 2275, 2276, 2277, 2278, 2279]
64	1	[2280, 2281, 2287, 2290, 2291, 2296, 2301, 2302, 2303, 2305]
64	6	[2280, 2287, 2290, 2294, 2296, 2297, 2301, 2302, 2303, 2304]
64	10	[2280, 2281, 2283, 2284, 2285, 2287, 2296, 2301, 2302, 2305]
64	15	[2280, 2281, 2283, 2284, 2286, 2287, 2296, 2301, 2302, 2305]
64	17	[2280, 2281, 2287, 2290, 2296, 2300, 2301, 2302, 2303, 2304]
64	21	[2280, 2281, 2283, 2287, 2288, 2296, 2297, 2301, 2302, 2305]
65	1	[2310, 2311, 2312, 2313, 2322, 2324, 2325, 2326, 2327, 2330]
65	5	[2308, 2311, 2312, 2316, 2322, 2325, 2326, 2327, 2328, 2330]
65	11	[2308, 2311, 2312, 2313, 2314, 2322, 2325, 2326, 2328, 2330]
65	14	[2307, 2308, 2310, 2312, 2322, 2325, 2326, 2327, 2328, 2330]
65	18	[2310, 2311, 2312, 2314, 2316, 2325, 2326, 2327, 2329, 2330]
65	22	[2309, 2310, 2311, 2312, 2322, 2325, 2326, 2327, 2328, 2330]
66	2	[2332, 2333, 2335, 2336, 2337, 2341, 2349, 2351, 2352, 2353]
66	6	[2331, 2332, 2333, 2336, 2337, 2338, 2342, 2349, 2352, 2354]
66	10	[2332, 2333, 2336, 2337, 2340, 2341, 2342, 2345, 2349, 2353]
66	14	[2331, 2332, 2333, 2334, 2335, 2336, 2337, 2338, 2341, 2354]
66	19	[2331, 2332, 2333, 2335, 2336, 2337, 2339, 2342, 2349, 2353]
66	21	[2331, 2332, 2333, 2334, 2335, 2336, 2337, 2338, 2342, 2353]
67	2	[2355, 2360, 2363, 2367, 2368, 2370, 2373, 2379, 2382, 2383]
67	8	[2355, 2360, 2363, 2364, 2366, 2367, 2373, 2379, 2380, 2382]
67	9	[2355, 2360, 2368, 2369, 2370, 2373, 2374, 2375, 2376, 2378]
67	13	[2355, 2360, 2368, 2370, 2371, 2373, 2379, 2380, 2381, 2382]
67	17	[2360, 2368, 2370, 2371, 2373, 2378, 2379, 2380, 2381, 2383]
67	23	[2355, 2360, 2363, 2365, 2370, 2374, 2376, 2378, 2379, 2383]
68	3	[2384, 2385, 2386, 2387, 2390, 2392, 2395, 2396, 2401, 2408]
68	6	[2384, 2385, 2386, 2387, 2390, 2392, 2393, 2395, 2401, 2404]
68	12	[2384, 2387, 2390, 2391, 2392, 2396, 2401, 2405, 2406, 2408]
68	14	[2384, 2385, 2386, 2387, 2389, 2390, 2392, 2396, 2401, 2404]
68	20	[2384, 2385, 2386, 2390, 2392, 2394, 2403, 2404, 2406, 2407]
68	24	[2384, 2385, 2386, 2387, 2389, 2390, 2392, 2393, 2396, 2401]
69	4	[2409, 2411, 2412, 2414, 2415, 2419, 2427, 2439, 2443, 2444]
69	5	[2409, 2411, 2412, 2413, 2414, 2415, 2416, 2427, 2431, 2444]
69	11	[2409, 2410, 2412, 2415, 2439, 2440, 2441, 2442, 2443, 2444]
69	16	[2409, 2410, 2411, 2412, 2414, 2416, 2431, 2435, 2436, 2444]
69	20	[2409, 2410, 2415, 2416, 2417, 2437, 2439, 2442, 2443, 2444]
69	23	[2409, 2413, 2414, 2419, 2427, 2431, 2439, 2440, 2441, 2442]
7	2	[299, 301, 312, 315, 321, 331, 333, 339, 341, 342]
7	7	[296, 300, 321, 327, 329, 331, 333, 339, 340, 342]
7	10	[296, 300, 301, 312, 321, 332, 334, 336, 339, 342]
7	16	[299, 306, 316, 319, 321, 327, 328, 330, 339, 342]
7	20	[296, 299, 307, 331, 332, 333, 334, 335, 336, 337]
7	24	[296, 298, 302, 307, 321, 326, 332, 339, 341, 342]
70	2	[2446, 2458, 2460, 2462, 2464, 2469, 2488, 2496, 2497, 2498]
70	7	[2446, 2453, 2457, 2458, 2460, 2461, 2464, 2465, 2469, 2488]
70	10	[2446, 2450, 2452, 2453, 2454, 2455, 2457, 2458, 2479, 2495]
70	13	[2446, 2450, 2454, 2458, 2460, 2461, 2466, 2480, 2488, 2492]
70	20	[2453, 2454, 2455, 2458, 2461, 2462, 2479, 2496, 2497, 2498]
70	24	[2445, 2446, 2451, 2452, 2454, 2456, 2457, 2460, 2461, 2462]
71	4	[2513, 2522, 2523, 2524, 2525, 2528, 2529, 2532, 2536, 2537]
71	7	[2499, 2500, 2524, 2525, 2527, 2528, 2529, 2532, 2536, 2537]
71	11	[2513, 2522, 2524, 2525, 2527, 2528, 2529, 2532, 2533, 2536]
71	15	[2513, 2520, 2524, 2525, 2527, 2528, 2529, 2530, 2531, 2533]
71	17	[2513, 2519, 2522, 2529, 2530, 2531, 2532, 2533, 2534, 2537]
71	24	[2503, 2505, 2508, 2515, 2517, 2524, 2528, 2529, 2535, 2537]
72	3	[2539, 2545, 2551, 2552, 2553, 2554, 2563, 2568, 2569, 2570]
72	6	[2539, 2550, 2558, 2559, 2562, 2563, 2564, 2565, 2569, 2570]
72	12	[2539, 2542, 2552, 2562, 2563, 2564, 2565, 2566, 2568, 2570]
72	16	[2539, 2554, 2559, 2562, 2563, 2566, 2567, 2568, 2569, 2570]
72	20	[2538, 2539, 2552, 2560, 2562, 2563, 2564, 2565, 2567, 2570]
72	22	[2538, 2539, 2541, 2562, 2563, 2564, 2565, 2568, 2569, 2570]
73	3	[2574, 2576, 2579, 2584, 2593, 2598, 2600, 2601, 2605, 2607]
73	6	[2573, 2574, 2575, 2578, 2593, 2598, 2599, 2600, 2604, 2605]
73	10	[2574, 2575, 2576, 2578, 2584, 2589, 2593, 2601, 2602, 2603]
73	13	[2571, 2573, 2575, 2577, 2578, 2586, 2587, 2593, 2600, 2605]
73	20	[2573, 2577, 2593, 2600, 2601, 2602, 2603, 2605, 2606, 2607]
73	24	[2572, 2573, 2574, 2575, 2577, 2587, 2593, 2600, 2601, 2607]
74	2	[2608, 2611, 2612, 2613, 2635, 2637, 2638, 2639, 2641, 2642]
74	8	[2608, 2610, 2611, 2612, 2613, 2616, 2625, 2638, 2642, 2643]
74	10	[2608, 2611, 2612, 2613, 2616, 2617, 2618, 2626, 2637, 2640]
74	14	[2608, 2609, 2612, 2617, 2628, 2635, 2639, 2640, 2642, 2644]
74	19	[2608, 2610, 2611, 2613, 2616, 2635, 2638, 2641, 2642, 2644]
74	23	[2612, 2613, 2618, 2628, 2630, 2635, 2638, 2640, 2641, 2642]
75	1	[2646, 2647, 2649, 2651, 2652, 2653, 2654, 2655, 2670, 2679]
75	7	[2645, 2647, 2649, 2650, 2651, 2652, 2656, 2663, 2667, 2679]
75	12	[2646, 2647, 2648, 2649, 2651, 2654, 2655, 2674, 2675, 2679]
75	13	[2645, 2646, 2647, 2648, 2649, 2651, 2655, 2656, 2663, 2670]
75	20	[2645, 2647, 2649, 2650, 2651, 2652, 2653, 2655, 2670, 2679]
75	21	[2645, 2647, 2648, 2649, 2651, 2652, 2653, 2654, 2655, 2667]
76	1	[2691, 2702, 2703, 2705, 2706, 2708, 2710, 2711, 2712, 2714]
76	7	[2685, 2694, 2697, 2703, 2705, 2706, 2707, 2710, 2713, 2715]
76	9	[2691, 2703, 2705, 2706, 2707, 2709, 2710, 2711, 2712, 2713]
76	16	[2690, 2691, 2702, 2703, 2704, 2706, 2707, 2708, 2713, 2714]
76	20	[2701, 2702, 2704, 2706, 2707, 2709, 2712, 2713, 2714, 2715]
76	22	[2691, 2702, 2703, 2704, 2706, 2707, 2711, 2712, 2713, 2715]
77	4	[2716, 2718, 2738, 2755, 2760, 2761, 2762, 2767, 2781, 2782]
77	8	[2716, 2718, 2728, 2749, 2755, 2761, 2767, 2774, 2781, 2782]
77	11	[2716, 2718, 2719, 2746, 2756, 2757, 2764, 2765, 2768, 2781]
77	15	[2717, 2718, 2733, 2752, 2754, 2755, 2761, 2764, 2767, 2781]
77	17	[2739, 2740, 2746, 2752, 2754, 2755, 2756, 2762, 2764, 2781]
77	23	[2722, 2724, 2729, 2738, 2740, 2755, 2762, 2763, 2771, 2776]
78	4	[2785, 2786, 2787, 2792, 2793, 2794, 2795, 2796, 2815, 2817]
78	5	[2784, 2785, 2788, 2790, 2791, 2792, 2793, 2794, 2796, 2815]
78	12	[2783, 2786, 2787, 2790, 2791, 2793, 2795, 2804, 2815, 2817]
78	14	[2783, 2784, 2785, 2787, 2790, 2791, 2794, 2801, 2815, 2816]
78	20	[2784, 2785, 2786, 2790, 2791, 2793, 2808, 2815, 2816, 2817]
78	23	[2786, 2790, 2791, 2793, 2794, 2796, 2805, 2809, 2815, 2816]
79	3	[2818, 2819, 2820, 2822, 2826, 2827, 2829, 2831, 2832, 2836]
79	7	[2818, 2819, 2822, 2823, 2826, 2827, 2828, 2829, 2831, 2836]
79	11	[2818, 2819, 2822, 2824, 2825, 2827, 2829, 2830, 2831, 2832]
79	13	[2819, 2820, 2821, 2822, 2824, 2826, 2827, 2830, 2831, 2842]
79	19	[2818, 2819, 2821, 2822, 2825, 2826, 2827, 2828, 2831, 2853]
79	22	[2818, 2819, 2821, 2823, 2826, 2827, 2828, 2829, 2831, 2850]
8	1	[343, 344, 349, 366, 368, 370, 379, 386, 389, 398]
8	7	[343, 344, 345, 347, 350, 352, 354, 363, 366, 398]
8	12	[343, 344, 345, 348, 350, 359, 361, 366, 370, 390]
8	15	[344, 348, 353, 359, 366, 368, 372, 379, 386, 390]
8	17	[344, 345, 349, 360, 361, 366, 379, 380, 381, 390]
8	21	[344, 347, 352, 353, 354, 360, 361, 366, 367, 368]
80	2	[2856, 2857, 2858, 2859, 2860, 2861, 2864, 2870, 2876, 2885]
80	6	[2855, 2856, 2857, 2858, 2859, 2860, 2861, 2864, 2869, 2872]
80	10	[2854, 2855, 2856, 2857, 2858, 2860, 2861, 2863, 2876, 2877]
80	16	[2855, 2856, 2857, 2858, 2859, 2860, 2861, 2862, 2863, 2864]
80	18	[2855, 2856, 2857, 2858, 2859, 2860, 2861, 2864, 2867, 2868]
80	21	[2854, 2855, 2858, 2859, 2860, 2863, 2864, 2870, 2873, 2874]
81	3	[2888, 2890, 2892, 2906, 2910, 2912, 2913, 2918, 2919, 2922]
81	7	[2888, 2897, 2909, 2911, 2913, 2914, 2916, 2918, 2919, 2922]
81	12	[2895, 2897, 2910, 2911, 2912, 2913, 2917, 2918, 2919, 2922]
81	15	[2888, 2892, 2912, 2913, 2914, 2916, 2917, 2919, 2920, 2921]
81	17	[2890, 2900, 2912, 2913, 2914, 2915, 2916, 2919, 2921, 2922]
81	22	[2890, 2912, 2913, 2914, 2915, 2918, 2919, 2920, 2921, 2922]
82	3	[2923, 2925, 2926, 2928, 2929, 2932, 2934, 2938, 2941, 2942]
82	6	[2923, 2924, 2925, 2926, 2927, 2928, 2931, 2933, 2935, 2937]
82	11	[2923, 2925, 2926, 2928, 2930, 2933, 2934, 2935, 2940, 2941]
82	16	[2923, 2924, 2925, 2926, 2927, 2928, 2929, 2938, 2940, 2941]
82	20	[2923, 2924, 2925, 2927, 2928, 2930, 2931, 2933, 2937, 2941]
82	23	[2923, 2925, 2926, 2928, 2933, 2934, 2937, 2938, 2941, 2942]
83	1	[2944, 2945, 2946, 2947, 2955, 2957, 2958, 2959, 2961, 2965]
83	8	[2945, 2946, 2947, 2950, 2955, 2957, 2958, 2959, 2960, 2961]
83	10	[2947, 2955, 2956, 2957, 2959, 2960, 2961, 2962, 2963, 2966]
83	16	[2944, 2948, 2949, 2952, 2953, 2955, 2957, 2958, 2965, 2966]
83	18	[2944, 2945, 2946, 2947, 2955, 2957, 2958, 2959, 2962, 2965]
83	24	[2944, 2948, 2949, 2952, 2953, 2955, 2958, 2960, 2965, 2966]
84	1	[2968, 2970, 2971, 2974, 2975, 2976, 2977, 2983, 2987, 2988]
84	5	[2968, 2969, 2970, 2971, 2974, 2979, 2982, 2986, 2987, 2988]
84	12	[2967, 2968, 2969, 2970, 2971, 2973, 2974, 2977, 2981, 2988]
84	15	[2968, 2969, 2970, 2971, 2972, 2973, 2974, 2979, 2983, 2988]
84	17	[2968, 2970, 2971, 2972, 2973, 2975, 2979, 2982, 2987, 2988]
84	21	[2968, 2969, 2970, 2971, 2972, 2973, 2976, 2986, 2987, 2988]
85	4	[2989, 2993, 2995, 2996, 2997, 2999, 3003, 3004, 3005, 3011]
85	8	[2989, 2990, 2996, 2997, 2999, 3001, 3002, 3003, 3005, 3008]
85	9	[2995, 2996, 2997, 2998, 2999, 3000, 3001, 3002, 3003, 3005]
85	13	[2989, 2990, 2996, 2997, 2998, 2999, 3000, 3002, 3003, 3005]
85	18	[2991, 2993, 2995, 2996, 2997, 2999, 3001, 3003, 3009, 3011]
85	24	[2989, 2990, 2993, 2994, 2995, 2996, 2997, 2999, 3002, 3005]
86	1	[3014, 3017, 3018, 3019, 3022, 3026, 3027, 3028, 3030, 3031]
86	6	[3012, 3014, 3019, 3022, 3026, 3027, 3028, 3029, 3030, 3031]
86	11	[3012, 3013, 3016, 3017, 3018, 3019, 3026, 3027, 3030, 3031]
86	14	[3012, 3013, 3014, 3016, 3018, 3024, 3028, 3029, 3030, 3031]
86	20	[3012, 3013, 3017, 3019, 3022, 3025, 3028, 3029, 3030, 3031]
86	23	[3012, 3017, 3018, 3019, 3022, 3026, 3027, 3028, 3030, 3031]
87	4	[3032, 3033, 3040, 3046, 3049, 3050, 3051, 3052, 3053, 3054]
87	8	[3032, 3033, 3036, 3037, 3038, 3048, 3050, 3052, 3053, 3054]
87	9	[3032, 3033, 3035, 3039, 3046, 3049, 3050, 3051, 3053, 3054]
87	13	[3032, 3033, 3034, 3039, 3043, 3049, 3050, 3052, 3053, 3054]
87	18	[3032, 3033, 3035, 3037, 3043, 3049, 3050, 3051, 3052, 3053]
87	24	[3032, 3033, 3036, 3037, 3038, 3039, 3040, 3043, 3047, 3053]
88	4	[3055, 3056, 3057, 3058, 3060, 3061, 3062, 3064, 3066, 3070]
88	7	[3056, 3057, 3058, 3059, 3060, 3061, 3062, 3067, 3068, 3081]
88	10	[3057, 3058, 3059, 3060, 3061, 3062, 3064, 3065, 3066, 3081]
88	16	[3056, 3057, 3058, 3060, 3061, 3062, 3066, 3067, 3068, 3070]
88	19	[3055, 3056, 3057, 3058, 3060, 3061, 3066, 3067, 3068, 3070]
88	21	[3055, 3057, 3058, 3059, 3060, 3061, 3062, 3067, 3073, 3076]
89	2	[3089, 3093, 3095, 3096, 3097, 3098, 3099, 3100, 3101, 3102]
89	5	[3085, 3086, 3089, 3090, 3094, 3097, 3098, 3099, 3100, 3101]
89	10	[3082, 3086, 3093, 3094, 3096, 3098, 3099, 3100, 3101, 3102]
89	14	[3082, 3083, 3085, 3090, 3093, 3094, 3095, 3096, 3098, 3101]
89	20	[3082, 3083, 3084, 3085, 3086, 3092, 3095, 3097, 3099, 3101]
89	22	[3087, 3093, 3094, 3096, 3097, 3098, 3099, 3100, 3101, 3102]
9	1	[401, 402, 405, 418, 420, 424, 426, 428, 430, 431]
9	6	[401, 402, 404, 418, 420, 426, 427, 428, 430, 431]
9	11	[401, 402, 411, 418, 426, 427, 428, 429, 430, 431]
9	15	[401, 402, 418, 420, 426, 427, 428, 429, 430, 431]
9	19	[401, 402, 417, 418, 424, 426, 428, 429, 430, 431]
9	24	[401, 404, 405, 407, 411, 414, 415, 428, 430, 431]
90	2	[3103, 3104, 3118, 3119, 3120, 3121, 3122, 3123, 3124, 3127]
90	7	[3104, 3111, 3113, 3118, 3119, 3120, 3121, 3123, 3124, 3127]
90	11	[3104, 3118, 3119, 3120, 3121, 3122, 3123, 3124, 3125, 3127]
90	15	[3103, 3104, 3113, 3118, 3119, 3120, 3121, 3122, 3123, 3125]
90	17	[3103, 3104, 3108, 3111, 3113, 3116, 3118, 3119, 3120, 3121]
90	21	[3104, 3108, 3116, 3118, 3120, 3121, 3123, 3125, 3126, 3127]
91	3	[3129, 3130, 3131, 3132, 3138, 3141, 3146, 3147, 3148, 3150]
91	8	[3128, 3130, 3131, 3132, 3133, 3135, 3141, 3146, 3148, 3150]
91	12	[3129, 3130, 3131, 3132, 3136, 3141, 3146, 3147, 3148, 3150]
91	16	[3129, 3130, 3131, 3132, 3135, 3141, 3146, 3147, 3148, 3150]
91	19	[3128, 3129, 3130, 3131, 3132, 3141, 3146, 3147, 3148, 3150]
91	22	[3128, 3129, 3130, 3131, 3133, 3136, 3140, 3146, 3148, 3150]
92	4	[3151, 3152, 3156, 3170, 3171, 3172, 3174, 3175, 3176, 3178]
92	6	[3152, 3169, 3171, 3173, 3174, 3177, 3178, 3179, 3180, 3181]
92	10	[3152, 3160, 3171, 3174, 3175, 3177, 3178, 3179, 3180, 3181]
92	15	[3151, 3152, 3156, 3168, 3169, 3171, 3174, 3175, 3176, 3177]
92	18	[3151, 3152, 3156, 3162, 3169, 3170, 3172, 3173, 3175, 3177]
92	21	[3151, 3152, 3156, 3169, 3170, 3172, 3174, 3175, 3176, 3177]
93	3	[3184, 3186, 3188, 3191, 3192, 3199, 3200, 3201, 3205, 3206]
93	6	[3183, 3184, 3185, 3186, 3187, 3191, 3199, 3200, 3202, 3206]
93	10	[3185, 3186, 3187, 3188, 3192, 3196, 3199, 3202, 3204, 3205]
93	13	[3183, 3184, 3185, 3186, 3188, 3189, 3192, 3199, 3201, 3206]
93	19	[3182, 3184, 3185, 3186, 3188, 3189, 3191, 3199, 3201, 3206]
93	22	[3182, 3184, 3185, 3186, 3187, 3188, 3191, 3199, 3200, 3206]
94	4	[3207, 3213, 3218, 3221, 3222, 3224, 3227, 3228, 3230, 3235]
94	5	[3207, 3208, 3213, 3221, 3224, 3228, 3231, 3232, 3233, 3235]
94	12	[3207, 3208, 3213, 3219, 3221, 3223, 3224, 3228, 3230, 3233]
94	14	[3208, 3213, 3221, 3225, 3227, 3228, 3229, 3233, 3234, 3235]
94	18	[3207, 3208, 3213, 3220, 3221, 3223, 3224, 3228, 3231, 3235]
94	24	[3207, 3208, 3211, 3213, 3218, 3224, 3228, 3230, 3231, 3232]
95	4	[3238, 3239, 3241, 3243, 3245, 3246, 3247, 3249, 3254, 3269]
95	6	[3238, 3239, 3243, 3244, 3245, 3247, 3249, 3258, 3259, 3269]
95	9	[3238, 3240, 3241, 3243, 3245, 3246, 3249, 3254, 3259, 3269]
95	14	[3236, 3238, 3239, 3240, 3244, 3247, 3259, 3261, 3265, 3269]
95	17	[3239, 3241, 3243, 3244, 3245, 3246, 3254, 3256, 3259, 3269]
95	23	[3236, 3237, 3243, 3246, 3254, 3260, 3262, 3263, 3268, 3269]
96	1	[3273, 3275, 3276, 3277, 3278, 3279, 3296, 3306, 3311, 3312]
96	5	[3271, 3272, 3276, 3278, 3279, 3296, 3305, 3306, 3311, 3312]
96	11	[3270, 3271, 3272, 3275, 3276, 3278, 3307, 3308, 3309, 3310]
96	16	[3270, 3271, 3275, 3276, 3278, 3279, 3291, 3296, 3300, 3311]
96	19	[3271, 3272, 3274, 3276, 3278, 3279, 3296, 3305, 3306, 3311]
96	22	[3270, 3271, 3272, 3273, 3276, 3278, 3279, 3296, 3305, 3311]
97	1	[3321, 3322, 3323, 3325, 3334, 3336, 3337, 3340, 3343, 3345]
97	7	[3314, 3319, 3323, 3325, 3331, 3336, 3339, 3340, 3343, 3345]
97	10	[3317, 3318, 3319, 3320, 3322, 3323, 3324, 3326, 3331, 3343]
97	13	[3314, 3319, 3323, 3326, 3327, 3331, 3336, 3339, 3342, 3345]
97	17	[3322, 3323, 3326, 3331, 3334, 3336, 3337, 3339, 3340, 3345]
97	22	[3313, 3314, 3324, 3326, 3334, 3339, 3340, 3342, 3343, 3345]
98	4	[3346, 3347, 3351, 3354, 3355, 3358, 3361, 3362, 3372, 3377]
98	7	[3346, 3351, 3354, 3355, 3356, 3357, 3360, 3361, 3372, 3378]
98	11	[3348, 3349, 3351, 3355, 3357, 3361, 3362, 3372, 3384, 3391]
98	15	[3347, 3348, 3350, 3352, 3354, 3355, 3357, 3361, 3372, 3378]
98	20	[3346, 3348, 3349, 3350, 3355, 3357, 3362, 3367, 3387, 3392]
98	23	[3353, 3355, 3356, 3357, 3358, 3362, 3377, 3382, 3383, 3384]
99	1	[3397, 3398, 3399, 3400, 3401, 3402, 3403, 3404, 3405, 3424]
99	6	[3397, 3398, 3399, 3401, 3402, 3403, 3404, 3405, 3421, 3424]
99	9	[3397, 3398, 3399, 3400, 3402, 3403, 3404, 3407, 3408, 3416]
99	16	[3397, 3398, 3400, 3401, 3404, 3406, 3407, 3408, 3421, 3424]
99	18	[3397, 3398, 3401, 3402, 3404, 3405, 3406, 3407, 3408, 3416]
99	21	[3397, 3398, 3399, 3400, 3401, 3402, 3404, 3406, 3407, 3424]
