101	0.8577715174604276
102	0.8067511859549545
103	0.9373344947735192
104	0.7611168660306948
105	0.9794264426794124
106	0.8730294175920452
107	0.8803960267007509
108	0.9334919754160189
109	0.9356800614326442
110	0.8767905344513096
111	0.9783461600128266
112	0.7065286144578314
113	0.9151926977687627
114	0.9763134086229488
115	1.0
116	0.9949999999999999
117	0.7117195120747195
118	0.9949999999999999
119	0.9289687526433683
120	0.9652014652014651
121	0.99
122	0.8159821428571428
123	0.8548847715404225
124	0.8922835698220194
125	0.7341230547586036
126	1.0
127	0.7053783107095261
128	0.8319178267781269
129	0.48133678556288517
130	1.0
131	0.9548975633268286
132	0.8308214011886111
133	0.7451598684242151
134	0.8571018126148578
135	0.8981548143104673
136	0.8625539650758551
137	0.9099239956568947
138	0.9132085283411335
139	0.9214146452063087
140	1.0
166	0.8248735804716141
167	0.8313451839174102
168	0.8260743697456221
169	0.9760155574762317
170	0.8224385361952059
171	0.9018405247501058
172	0.8665915167995148
173	0.8876612276612276
174	0.9514520202020202
175	0.8817922902982664
