1	0.8574632441818887
2	0.8430060600263858
3	0.8488045470635452
4	0.8949999999999999
5	0.9891785995167816
6	0.9689948862634455
7	0.866294421383011
8	1.0
9	0.8675947033556406
10	0.9744456762749445
11	0.744150592629744
12	0.9552885245901639
13	0.7
14	0.8939699156771503
15	0.6863903404001194
16	1.0
17	0.8456789119383995
18	0.9292307692307691
19	0.9411794848955687
20	0.8282711677811505
21	0.7085655314757482
22	0.8652481310778686
23	1.0
24	0.8812197614991483
25	0.9177551020408163
26	0.8161940298507464
27	0.9205882352941176
28	0.8190909090909091
29	0.9949999999999999
30	0.9405080213903745
31	0.923441265060241
32	0.9
33	0.9632627952755906
34	0.99
35	0.9
36	0.9182900432900432
37	0.9949999999999999
38	0.9667172946655377
39	1.0
40	0.938780514385353
41	0.8291666666666668
42	0.9482529239766082
43	1.0
44	0.8621650073249076
45	0.9192307692307693
46	0.905625
47	0.8381167707869072
48	0.7828188345675375
49	0.8857067272664192
50	0.8409238851262394
51	0.9588898401826483
52	0.9112500000000001
53	0.7377289377289378
54	0.9627591674925668
55	0.942548076923077
56	0.9199197146807441
57	0.9184210526315789
58	0.9483103879849812
59	1.0
60	0.9507767913760304
61	0.9222222222222222
62	1.0
63	0.7851724137931034
64	0.749913730161029
65	0.9277388535031846
66	0.8988130355386993
67	0.9535160818713451
68	0.9021428571428572
69	0.8691434617725775
70	0.870126956393238
71	0.9949999999999999
72	0.9275732255333773
73	1.0
74	1.0
75	0.9
76	0.9641538101916783
77	1.0
78	0.7623516410422427
79	0.7782544686603934
80	0.8473577230514525
81	0.6116425120772947
82	0.9
83	1.0
84	0.9949999999999999
85	0.8858856119725684
86	0.8744610019023462
87	0.8121889140271493
88	1.0
89	0.9307692307692307
90	0.9
91	0.9166666666666667
92	0.9434449958643507
93	0.725304960693955
94	0.8793793697307596
95	0.8287568471505862
96	0.890636383716538
97	0.877056501658223
98	0.7787222252403055
99	0.7541231044940723
100	1.0
141	1.0
142	0.7052631578947368
143	0.9515476190476189
144	1.0
145	0.9696928746928748
146	0.512389726789419
147	0.8370091812279312
148	1.0
149	0.8553000661302766
150	0.99
151	1.0
152	1.0
153	0.9670664382257759
154	0.9204807175306675
155	1.0
156	0.9388888888888889
157	0.9949999999999999
158	0.9404633204633205
159	0.9681475546762078
160	0.9
161	0.8961997125981489
162	0.9949999999999999
163	0.94375
164	0.9166666666666667
165	0.8748136923688394
