1	1.0
2	0.9216344532364769
3	1.0
4	0.5212646911930223
5	1.0
6	0.9202137750511531
7	0.741271855175615
8	0.9
9	0.9825922240074177
10	0.8907183712970952
11	0.9505820031509996
12	0.85547578633944
13	0.8467418546365915
14	0.9113071469137161
15	0.8865504920337394
16	0.9
17	0.9560957762791993
18	0.8297945205479452
19	0.829234974844009
20	0.8241863950550637
21	0.9286830102622577
22	0.9451212675487565
23	0.8482072107765453
24	0.9577527110005505
25	0.9690476190476189
26	0.8635710275126334
27	0.9740105719707237
28	0.9649939049167007
29	0.8872129705314944
30	0.9949999999999999
31	0.9099470155386731
32	0.8849460110165281
33	0.8186574920188032
34	0.8341898863328092
35	0.9
36	0.8856496719881335
37	0.9354011795583675
38	0.9792781137028749
39	1.0
40	0.718333994057924
41	1.0
42	0.9203907043947245
43	0.9585160818713451
44	0.7301368199155833
45	0.9661629446743152
46	0.8500895476692548
47	0.879342490351019
48	0.8514913457232669
49	0.9702709832134293
50	0.9382261525456791
