1	0.5502260810960701	1.8213872426350814	3.310252467507198
2	0.8314570299885989	2.741568950756578	3.297306838327136
3	0.5567422376251739	2.119012162867961	3.806091975178257
4	0.7074646327953904	3.055142041896375	4.318437841655285
5	0.9256554698308541	3.2573890463426434	3.5190080461987323
6	0.6134497113146231	1.9761435295528276	3.2213619031916254
7	0.8027261309495513	3.3612047911565415	4.187237292475511
8	0.6064177948812007	2.3378563383681192	3.855190857033002
9	0.6160899917639682	2.622947967574834	4.257410447562859
10	0.6489366514752223	2.1516757984803654	3.3156946731071186
11	0.7738955733642454	2.1442788536113193	2.7707599415381106
12	0.7369303041708986	2.1174187012114074	2.8732957366893213
13	0.8094874347836097	2.160275768480549	2.6686958631520064
14	0.6687414897743765	2.085336022300467	3.1182991547362024
15	0.6633114775170579	2.0629195609854367	3.1100314571782546
16	0.6400114199493722	1.6004753950582788	2.5006981831431756
17	0.677541403686961	2.156332665978985	3.182584347236819
18	0.8619150118536729	1.8372662072751973	2.1316094765815605
19	0.8142269564380139	2.266072368640739	2.7830967161221127
20	0.6847733221038166	2.0118645537260385	2.938000778922029
21	0.7089077858887216	3.2198099917429595	4.541930637292194
22	0.7793290868630993	3.761291512400432	4.826319940835416
23	0.7987575155339717	2.936017120001424	3.675730197090776
24	0.6279862868712679	2.7798081880054	4.42654281808424
25	0.9156196495297158	2.3290050214044884	2.5436380953605804
26	0.6049439910214414	2.1195354386126453	3.5036887217175803
27	0.626255750542375	2.4645458690791977	3.935366448842591
28	0.8280398460839762	3.5534815033690528	4.2914378096349175
29	0.6819422234494381	2.0036291332151843	2.9381215362795925
30	0.7568914523882895	2.226967010185874	2.942254141143911
31	0.9543680509602864	2.8688873367376164	3.0060596997677553
32	0.9127687656697842	3.1114433553358913	3.4087969180811455
33	0.9024805655773848	2.718994027726064	3.0128006424011122
34	0.9581120671707805	3.6217694655466777	3.780110479394587
35	0.7521871042593877	2.660902590933327	3.5375541216613686
36	0.8771417621304622	2.332027270256526	2.6586663307335154
37	0.917197649597008	3.00489009562558	3.2761641909416666
38	0.9012025949813497	3.2046329683476684	3.5559517762085315
39	0.8360997302226721	2.7465455273194617	3.284949663346973
40	0.9696881787321427	2.997828284682488	3.0915384454847303
41	0.6176330977478294	1.9859320483387037	3.215391234019539
42	0.7439732455413781	2.3126829682596823	3.1085566344214137
43	0.5582306934023423	2.0348909513004045	3.6452509246634452
44	0.7497547150046331	2.4911995313157673	3.322686048463694
45	0.8810445445003644	2.9074791824067723	3.300036531133154
46	0.7459202761118837	2.479611755126764	3.3242316029425596
47	0.6849817866202382	2.3056574638679166	3.366012803412245
48	0.6950531493920575	2.371785844127674	3.4123805441385384
49	0.7748665793974622	2.541634032197325	3.2800924698206817
50	0.7880678015415313	2.769107472895362	3.513793441983976
51	0.5408260211330433	1.6845793385222458	3.1148267145005564
52	0.6564517731318736	2.6088958523549093	3.9742384119218643
53	0.6646058831801941	2.3053295452501152	3.4687167291070655
54	0.842206565485836	2.7368904626698183	3.2496665008672942
55	0.65281720973333	2.4997304821772866	3.829143050929071
56	0.7983101730940394	2.798577350308935	3.505626565501963
57	0.5423492402578265	1.8354972547573194	3.3843455812434535
58	0.6559306493630751	2.7836262136336085	4.243781284403433
59	0.6876174447294163	3.107536556586686	4.51928115030521
60	0.5492268743884579	2.1551735753054886	3.9240133281991856
61	0.8013040978660858	2.1440999747842517	2.6757631472172685
62	0.8139978036623269	2.159270371470249	2.6526734614704015
63	0.827253419888214	2.449463239819987	2.960958735173293
64	0.8561810329231738	2.3075204421603224	2.6951314656924654
65	0.7423143775445393	1.9965445042736512	2.6896212233931265
66	0.7623750688967311	2.066027821465738	2.7099886994672904
67	0.77906263486502	1.6272465255246606	2.088723618232052
68	0.7283110412730289	1.613856324832237	2.21588886255431
69	0.4859151800087736	1.3437412699364026	2.7653823655234238
70	0.6356926243613883	1.624585760649046	2.5556152429503043
71	0.7706572966471901	3.3130615977388165	4.2990076291401795
72	0.7099306801596039	3.072791088180635	4.32829735924333
73	0.759112317815417	2.880484305857477	3.7945429658511816
74	0.709070042462581	2.8369782401968746	4.000984487151828
75	0.6458588640892537	2.8791745262285535	4.457900458312312
76	0.4836514145205512	1.7130776962034586	3.5419677163596237
77	0.783926982242269	2.3098711779623113	2.9465386831760516
78	0.6388518000058903	2.4871086740314516	3.89309175306154
79	0.5834552092657295	2.4019010021896627	4.116684475595689
80	0.6740615096768046	3.0517252215423807	4.52736905717344
81	0.8258177433385663	3.13963086821753	3.8018447696761988
82	1.0587313205753064	3.2174732378475785	3.0389893784376083
83	0.8505603716728029	2.9722234130884857	3.494429686681727
84	0.926127952779472	3.3105255482028806	3.5745876563464196
85	0.9997474571874404	2.947577552023797	2.9483221295867343
86	0.8847025894120164	3.20020160142666	3.617262614268543
87	0.8268119336386458	2.8848776148314457	3.4891581718416123
88	0.8115814615357311	3.4355054989271174	4.233100017373751
89	0.887640913364597	2.8955881330329185	3.262116571505487
90	0.7820002769429077	3.4194496297890926	4.372696187726209
91	0.7587490390116571	2.5216607960906434	3.323445126698739
92	0.6716512929810055	2.415959554498288	3.5970444481324213
93	0.824601606885426	2.5414466925100743	3.08202975993375
94	0.7216257058170501	2.0002890203805417	2.7719204072916774
95	0.8615177494278459	2.6491911249944082	3.0750279106307423
96	0.5931278394519425	1.9881224455388082	3.351929067055524
97	0.938020858953921	2.627559012665922	2.801173329552789
98	0.7749511615625043	2.453424617990932	3.1659086916447556
99	0.6494450738745458	2.601979935136233	4.006466504723787
100	0.6559947990471945	2.58641430106438	3.942735986353917
141	0.6850304954280868	2.515711954063285	3.672408704215679
142	0.7015240779754222	2.9629339244688304	4.223566970102823
143	0.7042579416604202	2.6734442971799086	3.796115228572023
144	0.667380641720028	2.1497338249420745	3.221151005221855
145	0.8273457480877656	2.864166501235067	3.461873718279185
146	0.7890587494880591	1.963623491695737	2.488564372386384
147	0.7080819106560579	2.2235748717510524	3.1402791658536335
148	0.7421277137155643	1.7425155576607576	2.3479995766990216
149	0.8042350446122156	2.2864506515635203	2.843012956076785
150	0.7213241437940464	2.0273454070455927	2.810588588345441
151	0.9478259746096522	3.915591877824838	4.131129535078858
152	0.7623953579929614	2.4592587862308144	3.2257001048706786
153	0.6883960628646455	2.6105277193739727	3.7921886254123773
154	0.7257922384073302	2.1378992572566613	2.945607770548831
155	0.811445170165549	3.41249701716946	4.205456071016174
156	0.8680443623255718	3.339163383204406	3.8467658199616386
157	0.8304260488219896	3.3853718118322464	4.076668616831811
158	0.7795871687883341	3.170724094453318	4.067183531742044
159	0.947395887751249	3.461824077434056	3.6540416970260297
160	0.8256101337980176	3.059743421253351	3.70603908067086
161	0.6807210284450015	2.2610010891736843	3.32147971737935
162	0.7416311719564598	2.812882956013984	3.7928326941725756
163	0.8051710458810619	2.708867490741819	3.3643379311753923
164	0.7350507759337243	2.4715847633849983	3.362468069291377
165	0.8404848338969858	2.2819142569029682	2.7149975405536604
