1	0.5039627039627039	3.1333333333333333	6.217391304347826
2	0.5490463945140898	16.583333333333332	30.203883495145632
3	0.5270597127739985	12.233333333333334	23.210526315789473
4	0.5868347338935574	6.983333333333333	11.9
5	0.5461847389558233	4.533333333333334	8.3
6	0.8607594936708861	4.25	4.9375
7	0.6690791896869245	12.883333333333333	19.25531914893617
8	0.5742927429274293	10.733333333333333	18.689655172413794
9	0.4879097093382808	8.483333333333334	17.387096774193548
10	0.4646739130434783	10.450000000000001	22.488888888888887
11	0.762130177514793	5.6000000000000005	7.3478260869565215
12	0.5911564625850341	2.6333333333333333	4.454545454545454
13	0.6454415954415954	3.283333333333333	5.086956521739131
14	0.4804878048780489	3.2833333333333337	6.833333333333333
15	0.5784313725490197	3.9333333333333336	6.8
16	0.43360957642725606	4.616666666666667	10.647058823529411
17	0.39076305220883534	4.633333333333334	11.857142857142858
18	0.7732026143790849	2.8166666666666664	3.642857142857143
19	0.7231404958677687	3.5000000000000004	4.84
20	0.527485380116959	2.733333333333333	5.181818181818182
21	0.41658595641646495	5.550000000000001	13.32258064516129
22	0.6771428571428572	11.85	17.5
23	0.5876262626262626	2.983333333333333	5.076923076923077
24	0.4542937853107345	7.883333333333334	17.352941176470587
25	0.770440251572327	2.9166666666666665	3.7857142857142856
26	0.6808618504435995	10.533333333333333	15.470588235294118
27	0.26580459770114945	3.0833333333333335	11.6
28	0.8225225225225226	11.066666666666668	13.454545454545455
29	0.5003968253968253	1.6166666666666665	3.230769230769231
30	0.5457627118644067	2.683333333333333	4.916666666666667
31	0.49210526315789477	3.1166666666666667	6.333333333333333
32	0.572093023255814	2.0500000000000003	3.5833333333333335
33	0.5416075650118204	2.6333333333333333	4.862068965517241
34	0.602962962962963	2.466666666666667	4.090909090909091
35	0.35813953488372097	3.3000000000000003	9.214285714285714
36	0.3911084043848964	5.633333333333333	14.403508771929825
37	0.8200421940928269	2.8166666666666664	3.4347826086956523
38	0.796875	2.5500000000000003	3.2
39	0.8203539823008851	3.4333333333333336	4.185185185185185
40	0.7464285714285713	2.8499999999999996	3.8181818181818183
41	0.5033670033670034	2.1666666666666665	4.304347826086956
42	0.5726041666666668	3.983333333333334	6.956521739130435
43	0.36140979689366787	4.583333333333333	12.681818181818182
44	0.8133333333333335	4.066666666666667	5.0
45	0.8204918032786884	4.55	5.545454545454546
46	0.5870967741935483	2.6	4.428571428571429
47	0.4025185185185185	4.766666666666667	11.842105263157896
48	0.5573863636363636	5.45	9.777777777777779
49	0.9314176245210728	7.366666666666667	7.909090909090909
50	0.6594202898550725	3.033333333333333	4.6
51	0.3603905160390516	7.6000000000000005	21.08823529411765
52	0.5429553264604812	10.533333333333333	19.4
53	1.0813559322033899	6.6000000000000005	6.103448275862069
54	0.6477011494252873	4.983333333333333	7.6938775510204085
55	0.46740467404674046	6.666666666666667	14.263157894736842
56	0.3953279424977539	5.866666666666667	14.84
57	0.3302631578947368	4.183333333333333	12.666666666666666
58	0.3850921273031826	4.033333333333333	10.473684210526315
59	0.4410039113428944	7.516666666666667	17.044444444444444
60	0.4138143694110392	8.133333333333335	19.654545454545456
61	0.6334782608695652	2.3499999999999996	3.7096774193548385
62	0.6825699745547074	2.4166666666666665	3.5405405405405403
63	0.7627413127413126	7.316666666666666	9.592592592592593
64	0.6538690476190477	2.816666666666667	4.3076923076923075
65	0.5367867867867867	2.3833333333333333	4.44
66	0.5923076923076924	2.566666666666667	4.333333333333333
67	0.8490990990990991	3.25	3.8275862068965516
68	0.7664609053497942	2.4833333333333334	3.24
69	0.4558252427184466	5.216666666666667	11.444444444444445
70	0.478772378516624	6.933333333333333	14.481481481481481
71	0.4414438502673796	6.349999999999999	14.384615384615385
72	0.4166666666666667	6.25	15.0
73	0.526768968456948	5.566666666666667	10.567567567567568
74	0.4173535791757049	5.199999999999999	12.45945945945946
75	0.3433881779402803	5.366666666666666	15.628571428571428
76	0.32134387351778654	4.516666666666667	14.055555555555555
77	0.509949564419991	5.533333333333334	10.850746268656716
78	0.3156498673740053	3.4	10.771428571428572
79	0.23376623376623376	3.0	12.833333333333334
80	0.3694749694749695	5.933333333333334	16.058823529411764
81	0.4045407636738906	3.733333333333333	9.228571428571428
82	0.837704918032787	2.4333333333333336	2.9047619047619047
83	0.8536082474226804	3.6	4.217391304347826
84	0.5634146341463415	2.1	3.727272727272727
85	0.7119047619047618	2.3833333333333333	3.347826086956522
86	0.6718749999999999	2.15	3.2
87	0.607912457912458	2.6166666666666667	4.304347826086956
88	0.3746073298429319	2.65	7.074074074074074
89	0.7545454545454546	2.766666666666667	3.6666666666666665
90	0.4054054054054054	3.0	7.4
91	0.4663230240549828	1.9666666666666668	4.217391304347826
92	0.3959131545338442	3.3333333333333335	8.419354838709678
93	0.5869175627240143	2.183333333333333	3.72
94	0.6650375939849624	3.0500000000000003	4.586206896551724
95	0.5217479674796748	2.5166666666666666	4.823529411764706
96	0.2834335839598997	4.383333333333333	15.465116279069768
97	0.7221739130434783	2.516666666666667	3.484848484848485
98	0.4768583450210379	6.666666666666667	13.980392156862745
99	0.31490765171503954	3.8499999999999996	12.225806451612904
100	0.3642076502732241	3.5833333333333335	9.838709677419354
141	0.377027027027027	7.75	20.555555555555557
142	0.6623409669211198	9.133333333333335	13.789473684210526
143	0.43224659760308753	9.716666666666667	22.47945205479452
144	0.4258397932816538	5.15	12.09375
145	0.9994350282485873	6.099999999999999	6.103448275862069
146	0.9251700680272109	8.5	9.1875
147	0.49011461318051575	5.183333333333334	10.575757575757576
148	0.7027777777777777	2.3	3.272727272727273
149	0.7121212121212122	2.35	3.3
150	0.38930976430976433	6.166666666666667	15.84
151	0.8600000000000001	4.300000000000001	5.0
152	0.5876712328767123	5.5	9.35897435897436
153	0.459375	4.8999999999999995	10.666666666666666
154	0.27939590075512405	2.466666666666667	8.82857142857143
155	0.6405643738977073	7.566666666666666	11.8125
156	0.6999999999999998	2.7999999999999994	4.0
157	0.6292574656981437	8.383333333333333	13.32258064516129
158	0.47302325581395355	3.766666666666667	7.962962962962963
159	0.678395061728395	2.6166666666666667	3.857142857142857
160	0.652930402930403	2.5833333333333335	3.9565217391304346
161	0.40908584169453727	2.983333333333333	7.2926829268292686
162	0.5477908689248896	8.65	15.790697674418604
163	0.6791666666666667	5.433333333333334	8.0
164	0.6680615680615681	10.766666666666667	16.11627906976744
165	0.637839399191219	6.033333333333334	9.459016393442623
