1	1.4157380902085945	5.839269234841248	4.124540601984433
2	1.1696548474743456	4.690880565706399	4.010482729871545
3	1.5119053248669465	5.185906086544839	3.4300468430463518
4	1.4476163706682421	4.2292183444938525	2.9215049167629816
5	1.1195676502859873	4.259011065774299	3.8041569570953206
6	1.2973803784788838	5.515066572682148	4.250924913130179
7	1.3043272415480691	3.994412163030582	3.0624309880162643
8	1.4943395730627094	5.215742822827043	3.490333065420443
9	1.6338597275666455	4.9839003557179336	3.050384480153997
10	1.3800024295816598	5.50636355505112	3.990111493296678
11	1.1448683267247663	5.0722418445603035	4.430415032155661
12	1.1831083937604598	5.574221300514545	4.711505158709186
13	1.1651325403987174	5.585729199060311	4.794071923481625
14	1.3082682661977567	5.610388678340832	4.288408442900174
15	1.2661186305304024	5.204879614974982	4.1108941053924415
16	1.2402688871285297	6.281383048623411	5.0645332748498335
17	1.3197465566964046	5.636322717606139	4.270761449618786
18	1.098970587010975	5.925464402110271	5.391831657866833
19	1.1424225153018839	5.4209461348122305	4.745132437607597
20	1.2794705659066183	5.887191995668918	4.601271926484155
21	1.5276782354500944	4.079315699987406	2.6702715305658145
22	1.480736345440831	3.5280711260927746	2.3826464022144536
23	1.226406768299952	4.453848036134732	3.6316238227457496
24	1.6248171142554544	4.507302591207524	2.774036875696574
25	1.0731184273702907	5.286058628309103	4.92588561847992
26	1.3815642791641514	5.1449973867424035	3.724037646554625
27	1.488083934984152	4.9726873187861464	3.341671260525439
28	1.3061454699761925	3.982831834357375	3.0493018778604895
29	1.2530202250611775	5.599959423690223	4.4691692214439795
30	1.205730026981962	5.484293559455064	4.548525322192304
31	1.036309009603039	4.431348061560864	4.27608755737664
32	1.0813339233933716	4.1660871643032715	3.8527295539101636
33	1.1071741635891559	4.785886295725206	4.322613779399143
34	1.0483914813997341	3.598294357037538	3.43220487849955
35	1.2562627508400546	4.590173255591683	3.65383217206931
36	1.1057639096023657	5.1096901560817924	4.620959421545278
37	1.0446494336721157	4.351305222762967	4.165325785385638
38	1.1038268254230146	4.0470677834632	3.666397382499072
39	1.136473881724455	4.555225776484191	4.00820982315248
40	1.0146792610278987	4.224974073461284	4.163851805920687
41	1.3169269875906353	5.699642556836355	4.327986752905757
42	1.2102551776428687	5.371298279550179	4.438153522310468
43	1.5010822825726335	5.512161070301489	3.672124529279273
44	1.2449527876137925	4.986468849784395	4.005347752457333
45	1.1177698272995573	4.611753976634544	4.125852983324996
46	1.2231816362556107	5.191574764092407	4.244320393809046
47	1.3149742298464613	5.270744380841929	4.008249181778528
48	1.3357211169303453	5.265481140076694	3.9420512810169757
49	1.2067853569091915	4.783677463511888	3.9639836828678487
50	1.2282564105811984	4.625950833935101	3.7662745287412327
51	1.4421035964410616	6.230523649331701	4.320441100561627
52	1.4512203464798883	4.709790043411989	3.2453996767866147
53	1.2952388785776354	4.955677067688125	3.8260718927231356
54	1.1256528195966953	4.629344177106115	4.112586133586678
55	1.4619152678236096	5.216893037039266	3.5685331098605917
56	1.1803191505759862	4.544185773848326	3.849963606564207
57	1.4562273254370581	5.861458812087521	4.025098766999389
58	1.5269839828505651	4.738095142923901	3.102910833471122
59	1.5575794550608695	4.224877769641088	2.7124637243471996
60	1.5863150194106668	5.2904853008271795	3.3350786168516846
61	1.1285990421755452	5.6524799854566545	5.00840402501197
62	1.11487904992879	5.55584894415187	4.983364737642828
63	1.1295770201930306	4.752823765316653	4.207613717659071
64	1.1069060513073743	5.448642532001184	4.922407394526171
65	1.1695622682517899	5.695682160216852	4.869926394539477
66	1.1664342834839612	5.706977476722197	4.892669529290862
67	1.135977395659945	6.20310048264578	5.460584432705279
68	1.160551866025894	6.278490606381705	5.409918152026496
69	1.3556071593631658	6.242913505910798	4.605252681642358
70	1.2252362284275176	5.897398415304081	4.81327459837918
71	1.3585039638961254	3.9865428652609984	2.934509556989279
72	1.46774455843139	4.230604251785446	2.882384559004452
73	1.2910217708891911	4.537989799599965	3.515037392804325
74	1.374718129766663	4.5206423751751	3.2884140226930803
75	1.62198682017974	4.488301495909457	2.767162741440826
76	1.5581320100091622	5.983079094408262	3.839905127405142
77	1.0703823861308994	5.36607127487736	5.013228304581921
78	1.4529290077186598	5.059090904182976	3.4819945622302564
79	1.5955470984389482	5.010302016856076	3.1401780754438753
80	1.5854595251727648	4.251770893872696	2.68172780595543
81	1.2065633397163018	4.108855097908445	3.4054201405411146
82	0.9416307562416395	4.243434555798513	4.506474037376887
83	1.147860065287021	4.345126507940814	3.7854148248064723
84	1.0691728442988762	3.984723435978546	3.7269216640005287
85	0.9949738502183937	4.367273469205338	4.389334923974871
86	1.1316433249957365	4.1354862697537245	3.6544078672220373
87	1.1820015963464898	4.470231426410277	3.781916572894273
88	1.2807072326637428	3.767167382924295	2.9414742783086845
89	1.1044726309539266	4.4363604272711665	4.01672282584269
90	1.361015598266784	3.8402491813672768	2.8216055615069577
91	1.2271103562225616	5.179701487783984	4.221055964134117
92	1.358359152630192	5.222490044594832	3.8447048665167243
93	1.1559730815921947	5.149045313605137	4.454295169670415
94	1.1845662434732864	5.5403154592232875	4.67708369181485
95	1.1283949591391165	5.033102189296382	4.460408253805276
96	1.4448271673791397	5.854315607054784	4.051914124562237
97	1.0448045280532627	5.077016997661422	4.85929842505679
98	1.2265913409638274	5.15134644212856	4.199725100032705
99	1.4721183709387156	4.762986146119835	3.235464104073815
100	1.4665031432729405	5.1324458110381395	3.4997850734800005
141	1.3893350431331326	5.086658296706973	3.6612178767447565
142	1.449400534680117	4.43825030313548	3.0621282364263807
143	1.3255952169513316	4.662914929316028	3.517600900854204
144	1.2946649283864842	5.505730374966055	4.252629583337629
145	1.1665402986500617	4.506744412918489	3.8633422421272225
146	1.1248929906469463	5.2845777831803655	4.697849330664875
147	1.3049380373190629	5.5395730777710765	4.245085145308418
148	1.1422194213231645	5.985135546667241	5.239917510537484
149	1.1612730968648015	5.321374879718632	4.582363006673666
150	1.2401111279161308	5.705072050906725	4.600452267929783
151	1.0678499954358032	3.3207167592999003	3.10972212716513
152	1.2072106213836071	5.139905527490342	4.257670895571974
153	1.3812616040950934	4.968950982480892	3.5974003532344643
154	1.2129315057760637	5.611641799818211	4.6265116975651015
155	1.270754325490887	3.8119681388074382	2.999767982166727
156	1.158492722710862	3.9326761658288	3.3946490027372596
157	1.2402743144243533	3.9008405451522132	3.145143376578515
158	1.306094246007921	4.121360770305638	3.1554849758373744
159	1.0456092756761717	3.787756435777251	3.6225352279203866
160	1.18874791548055	4.147527015825354	3.4889878348587646
161	1.3085075190239572	5.465767417399906	4.177100504150664
162	1.3238581940265652	4.590128095944325	3.4672354763188613
163	1.1712935148884736	4.807260074341726	4.1042317858299215
164	1.3066622619434378	5.225047151629217	3.9987740549404465
165	1.1553169170432116	5.538234128454211	4.793692576257038
