1	0.8862298793748106	5.93675980360208	6.698893754056406
2	0.8943169819377894	6.336758451161445	7.085584394731132
3	0.9446324283938125	7.02587923730842	7.437685840676397
4	0.938550779031886	6.8600958355623325	7.309243131883086
5	0.9155642634338075	6.4579987826706216	7.053572360338762
6	0.9716133371089005	6.6781832652770134	6.873293120026931
7	0.9530514228453537	7.085935643926955	7.43499823206995
8	0.9129091407467321	6.525416258017884	7.1479361600874
9	0.9024709352515216	6.758189110877737	7.488539350017081
10	0.8769496951842963	6.1261643111245405	6.98576479901403
11	1.0076483107018073	6.824194665453313	6.772397266959537
12	0.9278724206935868	5.993392248824608	6.459284827481491
13	0.9065641661300909	6.203701633714197	6.843091603980267
14	0.7833543546827862	5.042803305075508	6.4374484866654695
15	0.9268584522464385	6.713957855841013	7.243779068495636
16	0.7883857392254915	5.056584961566577	6.413846306421214
17	0.817658803138886	5.677864118287123	6.944050619268746
18	0.9155477266708112	5.509608428199319	6.017827654090523
19	0.8883547037452216	5.653398139219141	6.363897343465324
20	0.8469232113244375	5.44271708961472	6.426458758998089
21	0.9029759631033984	6.587508038445866	7.29533044911356
22	0.9416490855981154	7.146953753976116	7.589827105748766
23	0.9256319637421981	6.269634564645707	6.773355729093956
24	0.9125966769037607	6.7837356651971765	7.433443312781826
25	0.9222601350653652	6.025726022393843	6.533651182881031
26	0.9507350530709346	7.081368278870584	7.448308817474768
27	0.8430471452127936	5.7622906560065745	6.835075225303224
28	0.9464269565796769	7.0931487156610515	7.49466048737159
29	0.9243935313113046	5.853147594093181	6.3318785731766845
30	0.8644168278381826	5.6350088934917695	6.518856079635037
31	0.8939569566801825	6.035440081248254	6.751376602808252
32	0.9091249214033573	6.003850517788446	6.603988490955335
33	0.8773904276538882	5.860889505644067	6.679910471916002
34	0.8988312717257007	6.066599176220638	6.749430473834251
35	0.8509710177717156	6.063693619249821	7.125617080506129
36	0.8879073898874793	6.102389982241043	6.872777557369325
37	0.9632094804625072	6.161273016604619	6.396607530945544
38	0.9536679325625136	6.290633307205961	6.5962512656821515
39	0.9668981008273111	6.463915431957989	6.685208530689264
40	0.9678731531536234	6.340134070603855	6.550583668888615
41	0.9255933154020927	6.172899557431605	6.669127201669556
42	0.8958661355374846	5.807206187630342	6.482225365228529
43	0.8456944527939658	5.823773038739411	6.886379613226859
44	0.9150344582219178	6.089661581215927	6.655117221540785
45	0.9497073526340425	6.688779917852341	7.042990558408129
46	0.922532459813552	6.157444162127479	6.674501364832113
47	0.8698605115887572	6.160228027625084	7.081857315690456
48	0.8859162234478186	6.2387703735457185	7.0421674289534995
49	0.9481349478930801	6.8650531459839295	7.240586544393565
50	0.9130903107931243	6.385455702627869	6.993235638522288
51	0.8518783159690756	6.039859108597046	7.090049124828647
52	0.8986166958547258	6.6002429819755655	7.344892446826504
53	0.985780583996367	7.000900113296072	7.101884767210907
54	0.938791439398997	6.419534928798973	6.838084221250124
55	0.863068442529057	5.958947270934611	6.904373949154085
56	0.8917654075360089	6.179060507564793	6.929020183276493
57	0.8889196208719632	6.289973250450637	7.075975265660856
58	0.9037270873402592	6.385975887790742	7.066265886292263
59	0.90041017250616	6.598323638697445	7.328130934296285
60	0.9084301234176587	6.687855102699882	7.361991781535279
61	0.8654356115640286	4.629046524139416	5.348805228587406
62	0.89277514194689	4.823283611641042	5.402573822925698
63	1.1154705680269685	7.15421605848962	6.413630501380162
64	0.920717368466436	5.895893382979792	6.403586578148408
65	0.9085936746320766	5.862170952267106	6.45191697448358
66	0.910058949800808	5.83814023345294	6.4151231463970335
67	0.8771434990135368	5.2362005549498205	5.969605384795779
68	0.9042233932403988	5.529428287916119	6.115113067469659
69	0.8469219401113716	5.899977031903636	6.96637641850178
70	0.8663541690369106	5.81021540798222	6.706512896961287
71	0.9094032426054803	6.503664365849346	7.1515737586508505
72	0.8895241780425768	6.488244559714208	7.294062061350345
73	0.9200106095655142	6.420738837611047	6.978983471335528
74	0.9000860721148363	6.411068376242928	7.122728119966932
75	0.8824003186843021	6.431327940158645	7.288446982598599
76	0.8267971823815068	5.82073082315378	7.040095137223068
77	0.9494456176705582	5.990459335143526	6.309428600914471
78	0.8634392531552807	5.888282850899152	6.819568173883108
79	0.8552356949601363	6.098222349300566	7.130458171048172
80	0.8847113501588958	6.494646471564164	7.340977902451137
81	0.8583809052887764	5.9155087484851725	6.891472902108741
82	0.9523621163197628	6.1172815208102245	6.423272635464955
83	0.9624482577091462	6.416947261881464	6.6673166172645075
84	0.9193186022502152	6.16868167280457	6.7100585778483035
85	0.9408996738707905	5.9664715989154	6.341241010712422
86	0.9100718715243675	6.061112815001878	6.6600375252226325
87	0.8986659387047021	6.099076535979193	6.786811732032635
88	0.8404512255630668	5.724909414836077	6.811709282713734
89	0.9210037687771259	6.178069378256384	6.7079740471196905
90	0.8696632317926609	5.9701733480084505	6.864925559405296
91	0.8756248689920667	5.801120387130971	6.625120633917867
92	0.8592208374472999	5.816699995975269	6.769738049249806
93	0.8921195805499378	5.80966226952404	6.512201274567625
94	0.9161681127678017	5.616095337613042	6.129983416085573
95	0.8866439394518172	5.727729589359388	6.460010985808638
96	0.7854912003932792	5.488619725802091	6.98749995296453
97	0.920527233216629	5.806545732489749	6.307847853886671
98	0.8738412972760367	6.118546516791987	7.001896724113289
99	0.8815804280460888	6.389305322581116	7.247558043844282
100	0.844626034581531	5.809083783277465	6.877699177430127
141	0.8620261473962992	6.175805270965139	7.164289957582848
142	0.9455385693074466	6.952667285742156	7.353129223310891
143	0.916380760504423	6.519543843924665	7.114448627594466
144	0.8586934439533057	5.758848129289743	6.706523928698935
145	0.9742763826088647	6.919198600703244	7.101884767210909
146	1.069780231235382	7.320259016112484	6.842769012154067
147	0.8011665888162217	5.4649449037536515	6.821234160336717
148	0.8926886375122438	5.36451403616227	6.0093898485278885
149	0.865961786818054	5.381984038695506	6.2150364145644525
150	0.7862015643263762	5.367979057486907	6.827738968042164
151	0.9628217075550932	6.692146554417604	6.950556371865635
152	0.8744907972548491	5.708376694219344	6.527657823431361
153	0.8920956237304883	6.177992745206654	6.92525843739941
154	0.8783081556295887	5.556171161827639	6.325992906037477
155	0.9393602543717846	6.799346145553632	7.238273190620383
156	0.941224434227013	6.309271503449918	6.703259365160288
157	0.9008214451543678	6.4782097227111075	7.191447048200523
158	0.8767588534576284	6.124341154444377	6.985205943791876
159	0.9289327105589354	6.233672115680155	6.710574452620338
160	0.9330922955040464	6.225166355170196	6.671544053214402
161	0.8666555066014933	5.760676111694564	6.647019568691722
162	0.8937167856648507	6.415988332949774	7.178994996918195
163	0.9257560820800188	6.295548853936803	6.800440176198205
164	0.8924260830891128	6.3322112343886525	7.095502198310751
165	0.9062109812928743	5.898128418987064	6.508559861603437
