1	1.2937500000000002	0.9	0.6956521739130435
2	2.302857142857143	0.8857142857142858	0.38461538461538464
3	1.6017857142857144	0.8625	0.5384615384615384
4	1.5553571428571429	0.8375	0.5384615384615384
5	1.693061224489796	0.9714285714285714	0.5737704918032787
6	2.4673469387755107	0.8857142857142859	0.358974358974359
7	1.423125	0.8625	0.6060606060606061
8	1.21875	0.9375	0.7692307692307693
9	1.3399999999999999	0.8374999999999999	0.625
10	1.5193333333333332	0.8833333333333333	0.5813953488372093
11	1.0875	0.975	0.896551724137931
12	1.291346153846154	0.9875	0.7647058823529411
13	2.0247252747252746	0.9571428571428572	0.4727272727272727
14	1.6217142857142857	0.9428571428571428	0.5813953488372093
15	1.3687500000000001	0.9125000000000001	0.6666666666666666
16	1.215340909090909	0.8625	0.7096774193548387
17	2.3954545454545455	0.8500000000000001	0.3548387096774194
18	2.074725274725275	0.9142857142857143	0.4406779661016949
19	1.2857142857142858	0.9285714285714286	0.7222222222222222
20	0.9879999999999999	0.95	0.9615384615384616
21	1.0919999999999999	0.975	0.8928571428571429
22	1.632	0.9714285714285714	0.5952380952380952
23	1.2069999999999999	0.8875	0.7352941176470589
24	1.2031249999999998	0.9624999999999999	0.8
25	1.421875	0.875	0.6153846153846154
26	1.4777777777777776	0.9333333333333332	0.631578947368421
27	3.09047619047619	0.8428571428571427	0.2727272727272727
28	1.2767857142857142	0.9285714285714286	0.7272727272727273
29	1.5122448979591838	0.8142857142857143	0.5384615384615384
30	1.4571428571428573	0.9714285714285714	0.6666666666666666
31	1.980952380952381	0.8	0.40384615384615385
32	1.6557142857142857	0.8714285714285713	0.5263157894736842
33	1.6557142857142857	0.8714285714285713	0.5263157894736842
34	1.6000000000000003	0.9142857142857144	0.5714285714285714
35	2.296103896103896	0.9714285714285714	0.4230769230769231
36	2.03921568627451	0.8666666666666667	0.425
37	1.2616883116883117	0.9571428571428572	0.7586206896551724
38	1.5923076923076924	0.9	0.5652173913043478
39	2.156521739130435	0.8857142857142858	0.4107142857142857
40	1.417989417989418	0.9571428571428572	0.675
41	1.4285714285714286	0.7142857142857143	0.5
42	1.9928571428571429	0.9	0.45161290322580644
43	1.5298701298701298	0.8857142857142858	0.5789473684210527
44	1.3937888198757762	0.9428571428571428	0.6764705882352942
45	1.262857142857143	0.9285714285714286	0.7352941176470589
46	1.0	1.0	1.0
47	1.734857142857143	0.942857142857143	0.5434782608695652
48	1.2445714285714287	0.9428571428571428	0.7575757575757576
49	1.6185185185185185	0.7666666666666666	0.47368421052631576
50	2.0307692307692307	0.96	0.4727272727272727
