101	1.1077740759598445	0.9143052958907679	0.8253535768099257
102	0.9623191231655608	0.8616650829808615	0.8954047178719711
103	1.001463907816984	0.9039235869999156	0.9026022604951494
104	1.0473993132993635	0.9441993917704212	0.9014703177493434
105	0.9521675974225143	0.8567654520208375	0.8998053014407051
106	1.03646873450333	0.9465913277474822	0.9132849802759205
107	1.0528691147614155	0.9621305965694432	0.9138178554961848
108	1.0166755104423195	0.9274990669676675	0.9122862284389495
109	0.9915932878766388	0.8938227986309065	0.9014006141014786
110	1.0246048625670006	0.9144716009213941	0.8925114786497467
111	1.0267488631348156	0.8824674410930763	0.8594773978115476
112	1.124777702891978	0.9830242549868301	0.8739720323929984
113	1.0681775922226102	0.977527849185947	0.915136075034074
114	1.0568817434164464	0.9901416870731744	0.9368519167267192
115	1.045957584597043	0.9570727714321978	0.9150206332706233
116	0.998252637525091	0.9199123173583867	0.9215225512842833
117	1.1339986217414038	0.9631659505907626	0.8493537224160773
118	1.0608196968292931	0.9669966639076549	0.9115560983623627
119	1.0500954551269572	0.9493925061571095	0.9041011476831192
120	1.0324624800177162	0.9610430947679977	0.9308261688613682
121	1.0330339356915659	0.9661660968158454	0.9352704334626183
122	0.9087964502913931	0.8688889235225815	0.9560874970891273
123	1.175353531658642	0.9241564670626632	0.7862795679513608
124	1.143567274861705	0.9299606990206656	0.8132103108084555
125	1.1112882514506637	0.8811872240936994	0.7929420858570286
126	1.1053042310097108	0.9256723099145625	0.8374819203116123
127	1.1998063191156056	0.950993980522966	0.7926229136915676
128	1.0666656879082703	0.9057833444993107	0.8491726646570495
129	1.1961819913688974	0.9607586642220407	0.803187701498966
130	1.0267679469699915	0.8743229561690719	0.8515292659351247
131	1.1135072003567212	0.9129668263903707	0.8199020411344392
132	1.109850577452654	0.9282687562109869	0.8363907494120187
133	1.071906917448853	0.8970028706518068	0.8368290716760004
134	1.0947252960054688	0.9071568417631305	0.8286616241291265
135	0.9410656693762637	0.8766488742500348	0.9315490967076461
136	1.2013070345903087	0.9412274033516573	0.7835027817619095
137	1.0618550627652283	0.9120711522274022	0.8589412851243873
138	1.1665858040416113	0.9741666666666666	0.8350578785475421
139	1.117672926268276	0.9033454923243273	0.8082377868277149
140	0.9977228682883836	0.9337480383278728	0.9358791584377923
166	1.0462415784764294	0.9535492168364407	0.9114044370374093
167	1.0213872246829432	0.9339251560166262	0.9143693336349819
168	1.1925117873984563	0.9533353358346388	0.7994347275295309
169	0.9969468153542419	0.925544390764943	0.928378902976958
170	1.052310083758503	0.9589800488920798	0.9113093789493308
171	1.0602658884437457	0.8761257334937236	0.8263264366447719
172	1.0124087243779178	0.8400516774979173	0.829755470562636
173	1.0554638401983476	0.8976654234956859	0.850493772791868
174	0.9878275340114089	0.84992488727449	0.8603980533151183
175	1.0042000614390645	0.8933055112057443	0.8895692656357707
