1	0.9747834405434863	0.8801026326896936	0.9028699053391758
2	1.0253569918836014	0.8857873567074065	0.8638819101240022
3	1.01445878280793	0.9354263546353919	0.92209399779281
4	1.0952492910591503	0.9107158732789478	0.8315146886771766
5	0.9900113967130679	0.8955022093719389	0.9045372733537124
6	1.0249841763228114	0.947701638289728	0.9246012379329223
7	1.0350375742112106	0.9186415293944241	0.8875441358682168
8	1.0541516277311664	0.9141111725969946	0.8671534042635036
9	1.0314372965499825	0.9611135227326799	0.9318196326111863
10	1.0030667447557808	0.9294083217167994	0.9265667779097638
11	1.0407414119797647	0.9158239126955189	0.8799725869977445
12	1.0047618148977093	0.7592554209037556	0.7556571215647285
13	0.9383130851207083	0.79881332013523	0.8513291915059114
14	1.0531196120819173	0.8872023947799778	0.8424516879199154
15	1.0325060233793995	0.9093869965501786	0.8807570861172785
16	1.0177361367142919	0.9556167440266382	0.9389631649631672
17	0.9653239815848678	0.9305226717750932	0.9639485701446702
18	0.9676727959063642	0.9179728482337485	0.9486397180091597
19	0.9901686533301396	0.814765315280782	0.8228550889190035
20	1.0326902830549056	0.909780892804116	0.8809813626916302
21	1.0440103794115134	0.9317855649533887	0.8925060356953698
22	1.0117643391856184	0.8182354863755634	0.808721413362099
23	1.0282322228692549	0.9556523575106284	0.9294129635851186
24	1.0401931009191068	0.8822571431295321	0.8481666936167681
25	1.0356846088869107	0.9354586432260756	0.9032273292459645
26	1.0124305363208501	0.9413536750825283	0.9297958144401555
27	0.981261365323209	0.9126146238943847	0.930042347681534
28	1.0104015523440841	0.8141297011911716	0.8057486642834514
29	1.0159282994205605	0.9409580223485866	0.9262051494040145
30	0.9942382059696727	0.8902065578021219	0.8953654692176212
31	1.0274020644879547	0.8978119263020437	0.8738661886468982
32	1.0214075027630871	0.9388423281473669	0.919165294564249
33	1.0494775100445461	0.823554399698814	0.784728011621571
34	1.006650113127372	0.9078353994573211	0.9018380742410469
35	0.9749764844039346	0.8882764113838553	0.9110747034344273
36	1.0117842434152216	0.9321491820112673	0.921292447552701
37	1.0365672819441853	0.9400861010164018	0.9069224134232527
38	1.0227974497665502	0.9272234021081772	0.9065562319497498
39	1.0171611798979072	0.9294233657502087	0.9137424668954582
40	0.9867329410344949	0.8046787438138635	0.8154980039180966
41	1.0092317245867486	0.9388034201654427	0.9302159229584818
42	1.0069381521893321	0.9390550430127528	0.9325846289278197
43	1.0149976205327484	0.9406674378626254	0.9267681212581474
44	1.0369747386910622	0.9071985697322538	0.8748511761023027
45	1.0444475235492434	0.9270840075187775	0.8876310074137177
46	1.073658924135409	0.9056286918801792	0.8434975684754444
47	0.9985133057161276	0.9113424763268695	0.9126993812799122
48	0.9934370316549713	0.8515483420564204	0.8571739475403107
49	1.0698374930778605	0.895799830944728	0.8373232726846802
50	1.0290361069034581	0.9202177613107209	0.8942521599944729
