101	0.8280511294542764	4.107293561875637	4.96019317621429
102	0.8618237981313213	4.332842744642523	5.027527383250911
103	0.902274483984169	4.857577797822454	5.3837029463283415
104	0.8281830098661275	4.158211968996781	5.020885383375517
105	0.8819109121265527	4.567146419397894	5.178693626077411
106	0.8321236164209186	4.0199159448797115	4.830911976960754
107	0.9007291282544859	4.683305010187488	5.199459930049358
108	0.8651211707700414	4.331769398025577	5.007124486584792
109	0.9890383464934761	4.886573211359212	4.940731801435208
110	0.9281646700821689	4.57637043686077	4.930558751450463
111	0.8967710566034489	4.14729843220348	4.624701479451751
112	0.9323480229399703	4.761089112997156	5.106557847341197
113	0.9156497619904936	4.849271114949267	5.2959890519794754
114	0.8901254386719608	4.475326971748861	5.02774864902851
115	0.8509296620814151	4.29053513503531	5.0421736674926265
116	0.8113566878889229	3.9514110605526818	4.8701281687021005
117	0.8758295440191954	4.164046882865425	4.754403309754258
118	0.8215613381141494	3.917089345857614	4.767859883534789
119	0.880563004855073	4.333372710661981	4.9211387337072905
120	0.8768737777491724	4.282089701506366	4.8833592817634095
121	0.9425112152104581	5.306878358338701	5.630573167401198
122	0.9299148930559389	5.255794607398467	5.6519092732525
123	0.9316962106110092	4.736300163053392	5.083524124185621
124	0.9622021314501831	4.793571421696144	4.981875704714468
125	0.9740953291632953	4.943936324183642	5.07541323335393
126	0.9857909047605691	4.837041328218657	4.906761976459387
127	0.9787502117456713	5.239833669241684	5.353596460424836
128	0.9876752578312322	4.983598541059329	5.045786559443099
129	0.9332330673330722	4.696780239755051	5.032805206074811
130	0.998087012059688	4.881864546007243	4.891221393546494
131	0.9485987526780869	4.876467224673299	5.140705921134771
132	0.9945002445871899	4.915657468657484	4.942841890097211
133	0.9625390037752848	4.79583707257625	4.9824859603257075
134	0.9367768396518171	4.556074007102528	4.863563886566557
135	0.9617972259333035	5.282880250061676	5.492717287612577
136	0.9302872476251198	4.904150139457499	5.271651473216514
137	0.9930884928319029	5.010029728833607	5.0448975745826505
138	0.9583124479593776	4.710762889302387	4.91568579677061
139	0.9425747531888713	4.757547961167248	5.0473959174821434
140	0.948207839580951	5.213952190561691	5.498744023109885
166	0.8235500387147514	4.104844708294682	4.984329446090228
167	0.8595325933177367	4.234042451584005	4.925982428706854
168	0.8337174913005794	4.0413820899688035	4.8474238961501745
169	0.9398080610674553	4.698271022645684	4.999181447017257
170	0.8540709762717809	4.246503656438805	4.97207348618236
171	0.9710044313788269	5.337314626209622	5.496694406049859
172	0.9330040107171703	4.598457608850405	4.9286579221837625
173	0.9433436401585382	4.527689326056902	4.799618223212889
174	0.969503492349144	4.691338375746816	4.838908175956668
175	0.9400432996543387	5.201835545096086	5.533612703807198
