101	0.9196819569893324
102	1.0097031287574358
103	0.9605967699844927
104	1.0048551918999182
105	1.0231030895351025
106	0.9525988095103395
107	1.0098825025736924
108	0.9876197105234256
109	0.9854091414805944
110	0.9944471925983519
111	1.0033579755066049
112	0.9941665088125855
113	1.008725733819772
114	1.000443958516943
115	0.9903391312309512
116	0.9837453869139954
117	0.9793276340743309
118	1.0018861450598886
119	0.9394197968886401
120	1.0082444041162852
121	1.0441652036715443
122	1.0745645418221517
123	1.010943194017086
124	1.005046255292056
125	1.0037916879220994
126	0.9961209361091751
127	0.9994935078476831
128	1.0073504294827145
129	0.991107752853224
130	1.0014935981590047
131	0.9990590669797135
132	0.9922212286320812
133	0.9921900122803163
134	1.0151107250715343
135	1.0536633124551853
136	0.9960869997981
137	1.0089539906417202
138	0.987038982601771
139	0.9911879924292486
140	1.0442587270357115
166	0.9615538915918959
167	0.9528797912837212
168	0.9440218129917046
169	0.9631723218880357
170	0.9632068118700748
171	1.0352227364051747
172	1.0157955369714704
173	1.0140304187542213
174	1.0134752373707188
175	1.043926159588482
