1	0.9678076910403607	0.8481940372522229	0.8764076222006904
2	1.0230471461246728	0.9111744976196655	0.8906476119612048
3	0.9803634934585194	0.9233455255717656	0.9418399723498412
4	0.9935246879555073	0.9267958499169661	0.9328362557594245
5	1.012148086143185	0.8780443292113128	0.8675057940949353
6	0.9738890734095961	0.8834480091528417	0.907134121609847
7	0.9428551865810247	0.8649581916360266	0.9173818036389366
8	0.9764103851883776	0.8490834637770598	0.8695969201651282
9	0.9437416949729968	0.8104932429842115	0.8588083448060458
10	1.0076411778861072	0.9255217861364754	0.9185033387362086
11	1.0082426208621296	0.8162877748127212	0.8096144300215444
12	1.0827473452851637	0.8671921051990018	0.8009182465098624
13	1.0096503017591034	0.8441794393879647	0.8361107186489811
14	1.0905459967752795	0.9074214021159982	0.8320798983254474
15	1.074864494940188	0.8425424025156919	0.7838591808380238
16	1.0175758996647981	0.9369653937677658	0.9207818248018783
17	1.0101883333355803	0.8955832994777962	0.8865508241622972
18	1.020430846889752	0.9473189561361229	0.9283519397943797
19	1.0113675137445173	0.8718268867806399	0.8620277742091617
20	1.039156694717068	0.8266477859224642	0.7954986866995417
21	0.9469466703298468	0.860421231501615	0.9086269147574143
22	0.9842775363563065	0.8931983579564354	0.9074659584967907
23	0.9913438397344841	0.9415277524959951	0.9497489314587041
24	0.9459284052205302	0.8822735812355639	0.9327065096748774
25	1.0268235269837191	0.9255771450202261	0.9013984591287044
26	0.9179732733774842	0.8357560065364535	0.9104360995843266
27	1.0043788416919845	0.9576880333084877	0.9535127519165565
28	0.9699935496417279	0.8819010026502366	0.909182337321698
29	0.9930227051399876	0.9473506527063845	0.9540070411308826
30	1.0299618912224118	0.8934988999218917	0.867506756838781
31	1.042025283952701	0.9122289210914318	0.8754383748070733
32	1.0208603165512915	0.9061294530213394	0.8876135533237884
33	0.9921730752681315	0.8356542214990613	0.8422464208406669
34	0.9959318682665237	0.9140176135403281	0.9177511461012167
35	0.9509409701489638	0.8403328927203974	0.8836856535782238
36	0.998173506844075	0.8672533870621612	0.8688403179565004
37	1.0386484581369204	0.9635358502952985	0.9276823575357197
38	1.0139781106499213	0.9205324444796151	0.907842521264674
39	0.9366638101459548	0.8661369956189894	0.9247042388496085
40	1.0000812998108908	0.87028938850022	0.8702186398893634
41	1.036723517178364	0.899281430868604	0.8674264796424854
42	0.9917836993323372	0.9277893134048455	0.935475461060136
43	1.0166526074483717	0.968018459295385	0.9521624714315636
44	1.0395604156020113	0.9482844618114044	0.9121975477127523
45	1.041329645010569	0.8907555732988149	0.8554021078404757
46	1.0001763764419034	0.8630033238258807	0.8628511372124069
47	1.0236559096567577	0.858003530916541	0.8381757217659578
48	0.9754393740122775	0.8601807421813277	0.8818392665893153
49	0.9855651323436166	0.8588121056677455	0.8713905123911396
50	1.0505662111851672	0.9266358526365975	0.8820346997370484
51	0.9450896499498699	0.8839042870100083	0.9352597259496949
52	0.9847407981549996	0.8743514202228145	0.8879000665565908
53	0.9883283800764594	0.8860387665796257	0.8965024018748502
54	1.0256442361468068	0.9074051297395562	0.8847172321160237
55	0.99803358561282	0.919720475459228	0.9215325904032522
56	1.0793485262264357	0.9562647769098676	0.8859647775247469
57	0.9432316830160089	0.8704244316396612	0.9228108505181415
58	1.0060078492744569	0.911276810347454	0.9058346920500433
59	0.9866077103350912	0.9071372139561414	0.9194507649327427
60	0.9862416450474929	0.9144548738746282	0.9272117826971221
61	1.0679638108579914	0.9853056835315432	0.922602127070166
62	1.0266213818186267	0.9497960033179603	0.9251667850862674
63	0.9710405056252865	0.84206719263618	0.8671802955263374
64	1.1169014911772137	0.9161853093003693	0.820291956396898
65	1.0735236953973415	0.8674617165146709	0.8080508331896659
66	1.0410773092312364	0.8421152259070515	0.8088882722157256
67	1.0290044230157398	0.9606480975039675	0.9335704259545959
68	1.0582556244886547	0.9468984464876734	0.8947728928397723
69	0.9612935689095342	0.8431438312837521	0.8770929698824388
70	0.9330360992120998	0.832716764877043	0.8924807577972907
71	0.9837742981868056	0.9331337086930588	0.9485241791871545
72	0.9809006707066563	0.9033564678085968	0.9209459171414416
73	0.9909823017366228	0.9169720707631551	0.9253162938997294
74	0.9505518277351384	0.8753793456303159	0.920917008508695
75	1.0065431572582264	0.9395275498271328	0.9334200357452721
76	0.9364509309217874	0.8210749215300449	0.8767943887052649
77	1.0005772560827983	0.9664756161783564	0.9659180341176773
78	1.025293630824119	0.9790607121348991	0.9549076310441347
79	1.0047422466684366	0.9418814145639213	0.9374358624682582
80	0.9811436043188114	0.9106479107817407	0.9281494643324771
81	0.9613373186712131	0.886316251532095	0.9219617654676985
82	1.0588882733074154	0.8871747659936382	0.8378360478226531
83	0.9725448886095679	0.8447965464570902	0.868645299925315
84	1.0098865875363603	0.8914880887082299	0.8827605987747932
85	0.9973341682756747	0.9101318600139625	0.9125646036849623
86	1.002884676415008	0.9043324024201614	0.9017311996957224
87	1.0114174096306927	0.913371366015075	0.9030607514938682
88	1.011202534739395	0.9337058676576717	0.9233618741850805
89	1.0133480192104873	0.9143644450458703	0.9023202569224574
90	1.0061401007617485	0.9281855564213998	0.9225211834004733
91	1.089119677455878	0.9372806911688748	0.860585581704216
92	0.9625295312548949	0.8958274087200712	0.9307012196832433
93	1.041055633223384	0.9407384827360818	0.9036390109367223
94	0.9669678760289743	0.8604020179848808	0.889793796995899
95	1.0385706009690163	0.9072718111587905	0.8735774056306617
96	0.9811008450151494	0.8850375812173615	0.9020862490478189
97	1.0274234107789504	0.9051626424467476	0.8810025476842992
98	1.061330063873059	0.918079168235988	0.8650270066652851
99	0.9874931082715842	0.8409053981204367	0.8515557132264742
100	1.0583712801055771	0.9752960577177016	0.9215065412776615
141	1.0149077181580222	0.9276897819337687	0.9140631855844518
142	0.9741643667868951	0.8939080930760775	0.9176152644799271
143	0.9599895092306261	0.8800661155079371	0.9167455550772188
144	1.01982655568669	0.9501110320560394	0.9316398232210101
145	0.9564555176498968	0.8082700746088401	0.8450681288292815
146	0.8974673046982142	0.7483601672005973	0.8338578612089315
147	0.935304404173731	0.8305838577911998	0.8880358673441257
148	1.0277790657373762	0.9261367192390041	0.9011048678779527
149	1.0356658303588595	0.9393251494934866	0.9069770595482611
150	1.031636556222427	0.950830862009343	0.9216723237212797
151	1.0003741295479922	0.938678260801094	0.9383272048680679
152	0.9456412408412804	0.8689881348653521	0.918940605945089
153	1.0121364821201477	0.9579050872918112	0.9464188913389066
154	0.9970382973697094	0.950920185190764	0.9537448939518074
155	0.9902041792162882	0.9160177010783089	0.925079615199468
156	0.9926806422875543	0.8906420758184055	0.8972090699441777
157	0.9723463718807089	0.9144699392724305	0.9404775558566295
158	1.0089429427545484	0.9342681954036917	0.9259871453711893
159	1.0266807991214342	0.916808686372455	0.8929831814883453
160	0.9948152088286181	0.9173017798377322	0.9220825854862463
161	0.991357136694505	0.8942490805123057	0.902045335038402
162	0.9933644306715058	0.9224823569249088	0.9286444414979894
163	0.9758800967409405	0.8881468603201276	0.9100983443418841
164	0.9642351975339887	0.8763611349862147	0.9088665682682917
165	1.0086114652811324	0.9255910542290335	0.9176884123273787
