1	0.9501953037285104	6.028389576336192	6.344368944659215
2	0.9924308694249075	6.267131786332244	6.31493031848547
3	0.9708838699595544	6.514111813368529	6.709465482869642
4	0.9825350468014044	6.42440047564805	6.538596762082307
5	0.9131616795655185	5.7939962497476625	6.344984003823332
6	0.9767476847171265	6.3559343951188625	6.507242857667576
7	0.9900877109943668	6.31879037821736	6.382051113301124
8	1.0024147276187934	5.60482456403391	5.591323041859137
9	1.0039802482098739	6.263595296124063	6.23876346899477
10	0.9900813051487924	6.210168741310233	6.272382590212579
11	1.0140383553718182	5.9992725412681835	5.9162185626286545
12	0.9774593014017922	6.845830777839021	7.003699047133002
13	0.8967848444795717	6.142772198696767	6.849772536311742
14	1.030714503315543	7.096491078211243	6.885021075558421
15	1.0012523497973862	6.648738286760178	6.64042215541928
16	1.0035854462607117	6.334402383728003	6.311771864896544
17	0.9902604399259013	6.587905132550075	6.652699498975271
18	0.9546346197596443	6.042923226301782	6.33009017400108
19	1.0229822383720717	6.394306949127374	6.250652952980874
20	0.9737629861041434	6.462640480099326	6.636769493524526
21	1.009366604088999	6.44502554531352	6.385217738732757
22	0.9510302890999539	6.691604035116678	7.036162898081352
23	0.9629230830074246	5.744108316546894	5.965282604511626
24	0.9948675551427237	6.7507742443177605	6.785600967104907
25	0.971236773123997	5.587106367370639	5.752568809147981
26	0.973719880982404	6.1015962917108055	6.26627473761221
27	0.9795034718300926	6.298696309958688	6.430499218333835
28	1.008676474054328	7.018382547610971	6.958011541005721
29	0.9718574311488888	6.1573166937838435	6.335617238121978
30	0.9813263333455674	6.704523957751774	6.8321043978250415
31	0.9620306225309078	6.39013706223711	6.6423426786830895
32	0.9735522368249881	6.355975799360991	6.528643825101272
33	0.9736512041795483	6.553516638749054	6.730866875752909
34	1.011590401334121	6.148320874643802	6.0778758542342635
35	0.9730748586910799	6.472380002782949	6.651471821488836
36	0.9927938302793127	5.807439794268572	5.849592953891249
37	0.9965465626455615	6.171718870140573	6.193106375036134
38	0.9919264959148133	6.389108617501507	6.441110953094456
39	0.9748564349284105	6.254666174201232	6.415986959824038
40	0.9835188746857583	6.826786657890116	6.941185201017444
41	0.9972673902794659	6.412620939232701	6.430192144792463
42	0.9709717354099303	6.5335609187783295	6.728888885751092
43	0.9897203219552094	6.058662592260556	6.1215905724675475
44	1.026792093781246	6.104495207635267	5.945210568533853
45	0.9993616348825907	6.364355969386205	6.368421347427367
46	0.9596120023830197	5.964586881128021	6.215623466897108
47	0.9899952111851664	6.667195794861452	6.7345737833214985
48	0.9978454090648846	6.360309482619473	6.374042937753193
49	0.9637053606349847	6.27890509022491	6.5153783995636845
50	0.8805133716433523	5.761055998906679	6.542837604106445
