1	0.2579729355373902
2	0.1937203067316931
3	0.29017435439227246
4	0.3387635363732868
5	0.21293129404083233
6	0.1979252918371992
7	0.36276935439429364
8	0.4552212959666643
9	0.2855137836105843
10	0.21091580625478262
11	0.2953052712761793
12	0.2693050208269211
13	0.26294881892831923
14	0.19894529265129554
15	0.27944821869030523
16	0.27278847103396264
17	0.2680544593282701
18	0.278126072078366
19	0.24738075966586384
20	0.2658311340337865
21	0.2642056822685619
22	0.2625003543289708
23	0.22707323915077954
24	0.24465486315321408
25	0.21530422685266423
26	0.3012623669021006
27	0.2152370866757282
28	0.2620447104697455
29	0.22382275913400101
30	0.26058322430478126
31	0.21889685317428248
32	0.26081119422505383
33	0.23981318329236773
34	0.23640234722793513
35	0.38917739552350483
36	0.25020127682239185
37	0.28906623095897255
38	0.22827257241410454
39	0.2639149026918251
40	0.2960380861116963
41	0.28261948158284883
42	0.2785075135504367
43	0.24544839880253777
44	0.2568573326533819
45	0.23900606648138684
46	0.26264316060364323
47	0.35094069660304716
48	0.18878561423589174
49	0.20746981118846616
50	0.1919887192283896
51	0.17685872895588745
52	0.2759766904573412
53	0.35409125410002484
54	0.21050050301061346
55	0.2047686990541416
56	0.21380760503949664
57	0.1876779567243925
58	0.2273000716086028
59	0.19716425872618187
60	0.2222852508285146
61	0.22327365052850415
62	0.25305909333517485
63	0.45869301310902105
64	0.18253925877385463
65	0.31425741629463
66	0.22147093742644425
67	0.19901645116891267
68	0.27308602331906895
69	0.24966974007800058
70	0.3281395288997659
71	0.22819750184744364
72	0.3066700359346127
73	0.24285932112087583
74	0.24551151024560172
75	0.3158818652440072
76	0.2912507217414736
77	0.1988208207709029
78	0.21964172918176947
79	0.23327873703229773
80	0.293488309038031
81	0.3040019869476713
82	0.227602173189706
83	0.2875061416702607
84	0.27255267015054063
85	0.23491896655459987
86	0.2546368256657563
87	0.2565846904531427
88	0.2540366433930227
89	0.2486517515837626
90	0.24124869447317962
91	0.2615016446656934
92	0.2640399250655144
93	0.2338879763080544
94	0.31630731617857466
95	0.25854397159040265
96	0.24921410748411024
97	0.21859597822588914
98	0.26595950828936904
99	0.28786210658836736
100	0.2840364975962874
141	0.21309568779335808
142	0.3694549185243027
143	0.19931053606451654
144	0.18749007081400682
145	0.40128217255827936
146	0.4314150583917499
147	0.2981959462889347
148	0.3211423566461655
149	0.23327871697139155
150	0.24072816662355975
151	0.2735342632829021
152	0.2357884530313532
153	0.27690326856406805
154	0.20097621861767054
155	0.19799335258554973
156	0.26627904472721053
157	0.2855872804158417
158	0.23041882634857078
159	0.26975417125330864
160	0.26537559796960397
161	0.27878004872884593
162	0.223055058824749
163	0.26305889477219924
164	0.30683654713394615
165	0.23842719083661965
