101	0.290263539495345
102	0.3018342088416142
103	0.30648355085316126
104	0.2577249151751036
105	0.2877807899928459
106	0.24656359374021497
107	0.309173268632532
108	0.23509255801445306
109	0.2813109626207678
110	0.27789866194382856
111	0.3446803932222546
112	0.3162905273054018
113	0.3026645767244902
114	0.2672529699351967
115	0.28141993080847383
116	0.27256548807213
117	0.28682347274195713
118	0.24063195862308762
119	0.2495893128829951
120	0.2605841560525778
121	0.267176564741664
122	0.3107962582802077
123	0.35066993832408755
124	0.3466988416067791
125	0.3520406123470388
126	0.35683929267556674
127	0.44396478130229383
128	0.36789727915677534
129	0.34535189186485693
130	0.3514585600123811
131	0.34821440460384634
132	0.3530509695760972
133	0.35030137689868557
134	0.3552019755043361
135	0.33075894129370176
136	0.3379009347929579
137	0.3467673984502699
138	0.434349149240444
139	0.44615462978336023
140	0.2739592085891183
166	0.2825246505299329
167	0.26586991969543006
168	0.25435979021547395
169	0.27049301630885214
170	0.23822335633769823
171	0.335981664122623
172	0.3435675602025991
173	0.34676041748198866
174	0.3550485353581306
175	0.29721675932003305
