1	0.22356679752819333
2	0.2594071604512396
3	0.31519660765986623
4	0.3011505053759504
5	0.2144595011782524
6	0.23865967192180237
7	0.34231692197330155
8	0.27172651428526773
9	0.19635482909625723
10	0.3126312241039115
11	0.27297809391949
12	0.2992038742976117
13	0.254669649972678
14	0.24785513451720145
15	0.3053077835279112
16	0.37652145375950263
17	0.26953066271050463
18	0.25244353196794694
19	0.21767696797418198
20	0.3927439599252883
21	0.3039094151270857
22	0.27189969948367054
23	0.27871801795273693
24	0.17483680395555748
25	0.38550724583297974
26	0.32924047783766064
27	0.3052052600961495
28	0.3142539774614551
29	0.25885169093199256
30	0.1678414111777665
31	0.2846102344221384
32	0.38390327847808703
33	0.2997289956065965
34	0.22317275048882484
35	0.3255438599508901
36	0.3371775829616537
37	0.33566876762626724
38	0.275794086310546
39	0.16417139715842446
40	0.2523483277266332
41	0.36139775054766854
42	0.21074479988118835
43	0.2700696710164834
44	0.29280140334933746
45	0.2854786797794014
46	0.2635206757353149
47	0.2784292628220112
48	0.22221827668009153
49	0.3393194630152828
50	0.23100348388565345
