101	0.8048076776415317
102	0.8203786406598693
103	0.8606107664193023
104	0.9133877158154122
105	0.8808242008242009
106	0.8993571562549767
107	0.8203078322592308
108	0.9250152487256982
109	0.898286326028215
110	0.8891357330783018
111	0.8025383565049296
112	0.9231803604214242
113	0.7815308445361233
114	0.9307162502974448
115	0.8671253513074084
116	0.9141991386987212
117	0.8761596420553776
118	0.8574402819329723
119	0.897067871314077
120	0.8611785078509523
121	0.9426247149347743
122	0.9490957705819697
123	0.7368322540898378
124	0.7216806264665702
125	0.7427411095897428
126	0.6967896129203015
127	0.6066806897883957
128	0.7408449902063124
129	0.7470383284836629
130	0.743209997033762
131	0.71400075592759
132	0.7423850093621774
133	0.745712122586699
134	0.7477941088016926
135	0.9374295771356468
136	0.7388182158277803
137	0.7432806740713335
138	0.632201436210328
139	0.6081760085462987
140	0.9587179487179488
166	0.8271383869735868
167	0.8325147492614079
168	0.8680302970320619
169	0.8268983078033502
170	0.9323282925087777
171	0.8463277008570353
172	0.7379021670336411
173	0.7478666857628619
174	0.7486573921385915
175	0.9146080765798366
