1	0.9134538818362348
2	0.7622811439728857
3	0.985
4	0.8730326876513317
5	0.7127272727272727
6	0.6180172674793396
7	0.6571428571428571
8	1.0
9	0.803390448242751
10	0.8072727272727274
11	0.8709579756619986
12	0.902674397453388
13	0.8183718646343785
14	0.9949999999999999
15	0.861605985406867
16	0.9018750000000001
17	0.877640290037831
18	0.8204137976936303
19	0.8778352143288318
20	0.9470313958231223
21	0.5956441096177694
22	0.9033157765801079
23	0.9179999999999999
24	0.9329268292682926
25	0.7627782552642889
26	0.8086297379652004
27	0.5647009578546638
28	0.8
29	0.8786880049911808
30	0.7826657022436744
31	0.8013157894736842
32	0.7309437963944856
33	0.8816084168830397
34	0.7457142857142858
35	0.8578832951945081
36	0.7891642721256479
37	0.9
38	0.5576655886737429
39	0.8888534135809266
40	0.752166030186421
41	0.9172222222222223
42	1.0
43	1.0
44	0.7693064080743113
45	0.8607044176614291
46	0.61125
47	0.8643840799938362
48	0.3959007982110134
49	0.7547809085681426
50	0.848114529057314
51	0.9
52	0.7156369100119824
53	0.9
54	0.8757239390331829
55	0.9694456762749445
56	0.8991152215710742
57	0.8774927074774034
58	0.4036000000000001
59	1.0
60	0.7849986361424113
61	0.6
62	0.6
63	0.8388428792569659
64	0.9
65	0.7733489814680606
66	0.82427351751816
67	0.8387797474466258
68	0.9060822784810126
69	0.747620355429993
70	0.8918752444957647
71	0.9179999999999999
72	0.8545586341685144
73	0.7650473194711112
74	0.9169565217391306
75	1.0
76	1.0
77	1.0
78	0.9142307692307691
79	0.7947416434137521
80	0.8265255905511811
81	0.7234782608695652
82	0.7473684210526316
83	0.6991829745596869
84	0.9
85	0.7473684210526316
86	0.5576655886737429
87	0.9560944570135745
88	0.5512135478884126
89	0.9601572327044025
90	0.5889935118169255
91	0.6487655283195698
92	0.656080532370855
93	0.725925925925926
94	0.8382708677537416
95	0.22149590527172477
96	0.7115175812858614
97	0.09695245591349493
98	0.8728746639784946
99	0.89
100	0.9
141	0.783087745613746
142	0.9949999999999999
143	0.7899232375337755
144	0.775609756097561
145	0.47243987568507173
146	0.711111111111111
147	0.39738575978677304
148	0.8616486491397009
149	0.8410700189841354
150	1.0
151	0.9113636363636364
152	0.9812649810562128
153	0.9192307692307692
154	0.9407151442307693
155	0.7417369535983016
156	0.7378555810748737
157	0.9
158	1.0
159	0.9
160	0.9949999999999999
161	0.4233469776092095
162	0.8648137108792847
163	0.41216216216216217
164	0.8573627269226292
165	0.5056043566362716
