101	0.971045918367347
102	0.9352789115646258
103	0.8921516754850088
104	0.9212010613604364
105	0.9695011337868481
106	0.9949999999999999
107	0.862305781539454
108	0.7653333333333332
109	0.8
110	0.7576299694189602
111	0.8732613277133826
112	0.9869139152721242
113	0.9949999999999999
114	0.8914534714496822
115	0.9729960899315738
116	1.0
117	1.0
118	0.9158823529411764
119	0.9311169514267824
120	0.9652014652014653
121	1.0
122	0.9314998707625815
123	0.9582979851537645
124	0.9360568985663283
125	0.9851073108584869
126	0.9582979851537645
127	1.0
128	1.0
129	0.8655842584610575
130	1.0
131	0.9615739882607354
132	0.9077777777777778
133	1.0
134	1.0
135	0.83252688172043
136	1.0
137	0.9272727272727274
138	1.0
139	1.0
140	0.9
166	0.9233654557101147
167	0.9025535336811805
168	0.9068962657201878
169	1.0
170	0.9746928746928747
171	0.887416195476575
172	0.9186667401101485
173	0.989152844372051
174	0.9582979851537645
175	1.0
