1	0.8654721127255555
2	0.8070561683054353
3	0.8758201058201057
4	0.8682298752262921
5	0.8802582883036656
6	0.8852736784874723
7	0.8233214497920381
8	0.9092265512265512
9	0.7788899461443309
10	0.9088176542209796
11	0.7887902743986169
12	0.7428901690062555
13	0.8530005993498544
14	0.8872681272233235
15	0.8233153632479059
16	0.9197285391428398
17	0.8968962636848796
18	0.8748408708354991
19	0.8893189819546946
20	0.7887308492573969
21	0.8266622232235495
22	0.906120413704009
23	0.9416666666666667
24	0.9358255240616954
25	0.8948056665131455
26	0.8708348334261378
27	0.8926896103789614
28	0.9158285386024798
29	0.954893630738781
30	0.8489421706072531
31	0.8696456962055428
32	0.8553643201413708
33	0.8057674335135991
34	0.8605126027866863
35	0.8400389708006881
36	0.8812075935274122
37	0.9577777777777778
38	0.8782389161646249
39	0.9396411588198327
40	0.7513080194911784
41	0.9286258722490607
42	0.9977777777777778
43	0.9393017613825192
44	0.9157148733181071
45	0.9136040575167611
46	0.8078783138176476
47	0.8542906976920182
48	0.7663216274502102
49	0.8720769168798771
50	0.9276354589488504
51	0.7856247241552271
52	0.8676537825572792
53	0.8641268157130227
54	0.9170756719106763
55	0.9344161625976924
56	0.9656826061571013
57	0.9067658496381674
58	0.779833738191633
59	0.9291158073774524
60	0.8668001238034896
61	0.8133333333333332
62	0.8366666666666667
63	0.6960686747358025
64	0.8626925036147975
65	0.7808010734153209
66	0.7478108670663807
67	0.9094192288641156
68	0.9055261592632756
69	0.8714565773027296
70	0.9081293728150333
71	0.9147350894527291
72	0.8861530191442191
73	0.8123564623516271
74	0.8939053925186778
75	0.935016958065586
76	0.9262854488965288
77	0.9422385620915033
78	0.9599679487179488
79	0.8829084757251465
80	0.8599011267702974
81	0.7449993241083858
82	0.7896322112354143
83	0.8683063022376446
84	0.8503735554067022
85	0.90316917457567
86	0.8429804187638087
87	0.941016127589481
88	0.8890918947463926
89	0.9556011287987455
90	0.8833182436257381
91	0.8362656427341055
92	0.8117440387659782
93	0.9146502057613168
94	0.8295822396245529
95	0.6915741971658813
96	0.8794610507760885
97	0.5598301000734547
98	0.9329710063071679
99	0.8039607321130292
100	0.9643193268006421
141	0.87727871966384
142	0.854064648801491
143	0.84542885334586
144	0.8697884851744523
145	0.8109598161907751
146	0.7691960139104272
147	0.7276458764997394
148	0.8721934588180729
149	0.9113046830157041
150	0.9767114333466458
151	0.9009607206744005
152	0.965230874482727
153	0.980940170940171
154	0.9583388606303651
155	0.8749770308454281
156	0.8923629686339225
157	0.9205390709246589
158	0.9624631043256996
159	0.9280532180999275
160	0.9229808858629727
161	0.8496326616909354
162	0.9376592895300705
163	0.8538870738870739
164	0.8686361842738715
165	0.8842493651550082
