101	0.3430178173817901
102	0.29631892201028265
103	0.2745950264358329
104	0.2277760159900473
105	0.2824184237957084
106	0.2709466758680949
107	0.2633376277705681
108	0.26209626236391365
109	0.26274394077126023
110	0.31309536376706365
111	0.30315562141494296
112	0.2365660669240962
113	0.24831473718714914
114	0.22611309586033268
115	0.2392947679835853
116	0.2659143693627976
117	0.26450326013646164
118	0.1946234078637218
119	0.2651309991319271
120	0.24711509062933212
121	0.35867316277969996
122	0.3078693966333451
123	0.39401306553981574
124	0.5061524006261976
125	0.508854717388875
126	0.4167837925257955
127	0.3700486520015944
128	0.4318477133841403
129	0.538547669155436
130	0.45276100772283256
131	0.4771899866750727
132	0.46799239124337616
133	0.4562299485617509
134	0.48294674663311615
135	0.4859918110445885
136	0.42760003919499145
137	0.3974130036443641
138	0.3953110673901128
139	0.4654405546781888
140	0.34309756694958166
166	0.2651288165233734
167	0.2806195876853749
168	0.2765814292444712
169	0.29381422624153924
170	0.2680052776145256
171	0.6011310128515304
172	0.45653272736284684
173	0.4659319923126268
174	0.4881149757844801
175	0.3626859287263908
