1	0.23471640853711145
2	0.3335890592609382
3	0.24391485755587336
4	0.22346505893968402
5	0.24858272073598064
6	0.23792756210005203
7	0.2671117242205917
8	0.3292946088348053
9	0.25392191579216405
10	0.35392877641331266
11	0.21847770714414066
12	0.28527348381301076
13	0.3158455993142938
14	0.30657174272384713
15	0.2264901307058719
16	0.34442524820380316
17	0.22709040281776155
18	0.2611396973065725
19	0.2485321354466554
20	0.30679694590533657
21	0.22400073180103458
22	0.27029559841819245
23	0.29911026841224286
24	0.2945663695591627
25	0.22023445879001063
26	0.39438247584202035
27	0.27686685466710304
28	0.3357499598708515
29	0.2792902735906099
30	0.2066619218102273
31	0.2969134675108151
32	0.3353667043592023
33	0.22830987124621682
34	0.238820570579736
35	0.2528050193753161
36	0.2941848515394192
37	0.2556991315516882
38	0.22936873848172018
39	0.230579215138192
40	0.23111913676941365
41	0.3057083250550847
42	0.2846144189770848
43	0.23128986377602231
44	0.26353735637663056
45	0.2636387243289365
46	0.2050299585802746
47	0.2854654104064413
48	0.2494715978473183
49	0.26984900252128136
50	0.2381756378835079
