101	0.2640259125247347
102	0.2463172413706194
103	0.2442943881036406
104	0.1674216184663445
105	0.27631020279835866
106	0.23226376909937385
107	0.17858768567672945
108	0.1650883192169049
109	0.2073426957394042
110	0.2464745866586646
111	0.25168863028781263
112	0.15653106453810356
113	0.16432266986872876
114	0.17701875859923324
115	0.22518398564852024
116	0.20323721385633117
117	0.15504347770592466
118	0.19560846569781534
119	0.2529540824344731
120	0.17828387586789896
121	0.2722657723834734
122	0.23588659085693242
123	0.27898684296533866
124	0.34939615980160776
125	0.3013875032926727
126	0.3240141988088176
127	0.3179102520846306
128	0.2852702621543671
129	0.3674887213692108
130	0.4027953591762843
131	0.3456572464798995
132	0.2911412483988508
133	0.28955233664027097
134	0.28960163759876556
135	0.38844190399813927
136	0.3492389133425274
137	0.3113046421397689
138	0.32772018143589415
139	0.3344527204403111
140	0.25563856888394787
166	0.22446556925335456
167	0.22934880859596793
168	0.18423098502741753
169	0.25536932994274336
170	0.19901060028236106
171	0.46401687524474733
172	0.4101555467045814
173	0.3347350455867524
174	0.3954590508868083
175	0.29245170122715314
