1	0.2496339596651888
2	0.3120134127568698
3	0.23560300458727268
4	0.23924224379837025
5	0.23319435222138404
6	0.24523457667878987
7	0.2749234450196765
8	0.2925153424702208
9	0.2685461048913551
10	0.34083455239159677
11	0.2322318543646869
12	0.3050915708461618
13	0.3083406733066262
14	0.2826850130872121
15	0.22218545277015841
16	0.34803025467725757
17	0.23706915666768086
18	0.2556255383675568
19	0.2711786599813752
20	0.32316462195126894
21	0.24304643595652317
22	0.27904237854608516
23	0.30261111350032693
24	0.2737656313404867
25	0.24101919846712558
26	0.33983320891996754
27	0.2934353631677201
28	0.3010843129435781
29	0.3247388822549234
30	0.21403254726406157
31	0.2946626194516953
32	0.3411756884563059
33	0.27850357624105365
34	0.24931474657311972
35	0.25647932187961425
36	0.2967426928704837
37	0.24223501215873622
38	0.26743647871222925
39	0.2594645087524681
40	0.25642729155892774
41	0.29867485777599273
42	0.25937600135670474
43	0.2559436781267158
44	0.2817425049783874
45	0.23819161848802856
46	0.21828881623084037
47	0.3036567680048284
48	0.24489915419542108
49	0.31311877879828637
50	0.2369771459033721
