1	0.2535486562880258
2	0.25592589998720483
3	0.36080132431773526
4	0.3536057753730209
5	0.29054437847269304
6	0.3250590494482101
7	0.3079144622809072
8	0.2866274749539181
9	0.3083651954443247
10	0.24818050677420303
11	0.2589190162123077
12	0.27401214899897874
13	0.2581541178276245
14	0.2735392576620321
15	0.29929036636804657
16	0.2666273446414223
17	0.3156778811288427
18	0.25311625388568953
19	0.3277315437675256
20	0.2874193594466605
21	0.27142651833840975
22	0.38954359526043064
23	0.20376797673728417
24	0.3276326732041137
25	0.2073438513792105
26	0.4011778494010905
27	0.16347128949641823
28	0.4132404635760287
29	0.18215807403309178
30	0.21845605719508596
31	0.24796774121418033
32	0.26840189495265326
33	0.31248992872878034
34	0.2829232518738097
35	0.37075133661778664
36	0.32155487089363877
37	0.317911891702131
38	0.2750041183762855
39	0.3423968556768675
40	0.36442939345666914
41	0.28314455309761544
42	0.2672448116006388
43	0.3037864075913907
44	0.32939483166461475
45	0.2969404471724076
46	0.23915268137688583
47	0.30165988415742945
48	0.29424131277444343
49	0.4038677118991297
50	0.2506160339835245
51	0.2641998584561451
52	0.2832195056078386
53	0.41395209246449854
54	0.26548839650786954
55	0.26136454408990256
56	0.2263474128330257
57	0.3307118030706034
58	0.24406268563995623
59	0.2189500052858081
60	0.3305825656336642
61	0.275591465969458
62	0.2514844656089707
63	0.3855583916518089
64	0.25191788395222625
65	0.23606831453575083
66	0.2651824024803894
67	0.2546490174812969
68	0.2708827526561115
69	0.29654593451921213
70	0.33271115449131833
71	0.2307203982391699
72	0.22561731004512783
73	0.22722971712262022
74	0.23506747630213798
75	0.24917813677806808
76	0.26398407625894166
77	0.1999379696204504
78	0.17122586362621242
79	0.1784080657679189
80	0.3080557449961554
81	0.331644598242601
82	0.31975685688721067
83	0.397629796587984
84	0.30266002849716234
85	0.3041284823910621
86	0.29892866699881554
87	0.3052545245557572
88	0.2681908447185799
89	0.34130722399146113
90	0.2984369390858033
91	0.21229101250760518
92	0.2328884053612288
93	0.24128013184888245
94	0.23123478705966416
95	0.2697008242386081
96	0.2618756631631939
97	0.2985229995260823
98	0.27795126969446904
99	0.2775058599581331
100	0.2278521497834378
141	0.2652454982182664
142	0.29187455994541356
143	0.26158024725729695
144	0.2380989244543251
145	0.3624006154442096
146	0.40031899196582693
147	0.32991766509553755
148	0.26168388625588146
149	0.2505930067978181
150	0.25158944012763323
151	0.32837535350078245
152	0.3185994149759967
153	0.21467988407542293
154	0.21910605466528674
155	0.2924911103459404
156	0.28652015052708607
157	0.37081785438845444
158	0.2646646563407426
159	0.3182331900683299
160	0.29868679421195415
161	0.2870278192151563
162	0.31529018442526
163	0.3504517643334413
164	0.2927212716089067
165	0.2738299586572443
