101	0.9143052958907679
102	0.8616650829808615
103	0.9039235869999156
104	0.9441993917704212
105	0.8567654520208375
106	0.9465913277474822
107	0.9621305965694432
108	0.9274990669676675
109	0.8938227986309065
110	0.9144716009213941
111	0.8824674410930763
112	0.9830242549868301
113	0.977527849185947
114	0.9901416870731744
115	0.9570727714321978
116	0.9199123173583867
117	0.9631659505907626
118	0.9669966639076549
119	0.9493925061571095
120	0.9610430947679977
121	0.9661660968158454
122	0.8688889235225815
123	0.9241564670626632
124	0.9299606990206656
125	0.8811872240936994
126	0.9256723099145625
127	0.950993980522966
128	0.9057833444993107
129	0.9607586642220407
130	0.8743229561690719
131	0.9129668263903707
132	0.9282687562109869
133	0.8970028706518068
134	0.9071568417631305
135	0.8766488742500348
136	0.9412274033516573
137	0.9120711522274022
138	0.9741666666666666
139	0.9033454923243273
140	0.9337480383278728
166	0.9535492168364407
167	0.9339251560166262
168	0.9533353358346388
169	0.925544390764943
170	0.9589800488920798
171	0.8761257334937236
172	0.8400516774979173
173	0.8976654234956859
174	0.84992488727449
175	0.8933055112057443
