101	0.3307114965255662
102	0.26809194269909487
103	0.19374574543985068
104	0.266026936300455
105	0.23984756358638964
106	0.280036750901504
107	0.23458261331336488
108	0.22395599477074177
109	0.3199892136738491
110	0.2789657335051104
111	0.33158224217182
112	0.2012096663723947
113	0.24500563329070033
114	0.2402611344656091
115	0.23174276259187326
116	0.2543964641008643
117	0.19486007308315137
118	0.23743481428769214
119	0.22043059172338736
120	0.2887401652736087
121	0.23674241688788894
122	0.222316405568992
123	0.28052888114950275
124	0.29407034702529605
125	0.2891925865651912
126	0.27372886632126575
127	0.28637220771157934
128	0.2891638891372675
129	0.29501696175737085
130	0.300885552876086
131	0.2668361313323565
132	0.28309062817469477
133	0.27716553791301646
134	0.29366378800075466
135	0.20673276587405906
136	0.2799295209893858
137	0.29631981404433
138	0.28772243562340977
139	0.29897555398612863
140	0.21744973038556137
166	0.34393136989684275
167	0.24639834578139444
168	0.2231163768515999
169	0.2664144887055189
170	0.2780347147325318
171	0.24544212170138888
172	0.2846004297860817
173	0.27845333482818524
174	0.2758286921958091
175	0.22639196350609442
