1	0.27195026275364176
2	0.2599073790082185
3	0.30265795378232946
4	0.24984446396599683
5	0.2320659623966105
6	0.20194332228332684
7	0.2527687964103301
8	0.2036296410184137
9	0.2837070016465656
10	0.27516727176703076
11	0.18996263281572306
12	0.29339732229086696
13	0.2401050433016412
14	0.2132999211637962
15	0.2652946783264079
16	0.28520158163814874
17	0.24123232880770656
18	0.26863733805608836
19	0.25137996060974227
20	0.26663606693253883
21	0.24057336856441236
22	0.3119155587685845
23	0.22835063984256793
24	0.2804873585340808
25	0.1988994341324982
26	0.3158332627240631
27	0.2123783603693373
28	0.2819812354628116
29	0.20614869070863817
30	0.24276360441344583
31	0.19046395981676692
32	0.25292782740472186
33	0.27197935893171565
34	0.33282171400721233
35	0.35228916813025274
36	0.27773475358365773
37	0.33304483979676835
38	0.25299729136668586
39	0.3156168871290258
40	0.3106517006233521
41	0.2923717472651082
42	0.2876623122885802
43	0.22282652250047216
44	0.2526999082795089
45	0.23421732976653986
46	0.23078174813184985
47	0.3426859126650237
48	0.2751627996302556
49	0.2566688529688485
50	0.22140176017098645
51	0.26762234541775953
52	0.2518264212850269
53	0.22964372451651122
54	0.24586462608141466
55	0.1761525758549165
56	0.27721151028363467
57	0.23288702682099544
58	0.28348066341084555
59	0.28602639885127773
60	0.26840235514965566
61	0.24115348873776504
62	0.24297777019599856
63	0.223563245173002
64	0.23947850674302928
65	0.24748417448514026
66	0.2444422839858223
67	0.23613182479648778
68	0.26083852837050264
69	0.2451045579573218
70	0.24326463930354614
71	0.2585027573548609
72	0.23536376675121629
73	0.25051206489705447
74	0.20774066686382883
75	0.24301183672165902
76	0.30464981760454035
77	0.21353426694933383
78	0.1915464935905763
79	0.19388533316814616
80	0.26205330171161506
81	0.2316104674595623
82	0.2583828253213294
83	0.30555340023221433
84	0.30353103928445996
85	0.30977388897882835
86	0.27125506775645164
87	0.2911199355465927
88	0.24052506669378898
89	0.27318086568357014
90	0.223736044436678
91	0.2333293950486916
92	0.30094220050028503
93	0.264649014663083
94	0.2331053146730319
95	0.23135521661513686
96	0.3013205494714407
97	0.2808262186858894
98	0.27886889796714437
99	0.2690310603210697
100	0.2536806078169386
141	0.28981084977939153
142	0.23571733503583378
143	0.28998920233972947
144	0.17982157260475085
145	0.25189768091356124
146	0.1899309646618449
147	0.26099388252942635
148	0.2817030206352498
149	0.23900641905756984
150	0.25315424070963766
151	0.3309622139784667
152	0.2912682017501243
153	0.24725409745512694
154	0.21144895856687335
155	0.23407846494373546
156	0.21877606540100009
157	0.37852157024644406
158	0.2785130739278484
159	0.26007901677211287
160	0.2966032837473629
161	0.29545222231624657
162	0.28267898291075627
163	0.27408501176771555
164	0.2508230678668212
165	0.31986029424640616
