101	0.9338112858464385
102	0.7947604865030307
103	0.9
104	0.9528341909451005
105	0.9
106	0.9561678695091734
107	0.933712857095651
108	0.9949999999999999
109	0.7471466575307872
110	0.7442052045381665
111	0.8084687218796411
112	0.9949999999999999
113	0.9
114	0.9949999999999999
115	0.8868349117048115
116	0.9519412701623816
117	0.8098264919745326
118	0.8
119	0.9241463414634147
120	0.9003674526415646
121	0.9
122	0.9949999999999999
123	0.7789548126904661
124	0.9463448199933943
125	0.9092739775251536
126	0.9046928746928746
127	1.0
128	1.0
129	0.9573502722323048
130	1.0
131	0.8564450106362426
132	0.9083921479754814
133	1.0
134	1.0
135	0.9829218584409313
136	0.9450862068965517
137	0.9272727272727274
138	0.925
139	1.0
140	0.9512390924956369
166	0.9648972602739725
167	0.9010259737658369
168	0.9362068965517242
169	0.9417590275016818
170	0.8335226791013142
171	0.9581623608258567
172	1.0
173	0.93
174	0.9272727272727274
175	0.9
