1	0.8014118792599806
2	0.8403508771929825
3	0.9425000000000001
4	0.7288888888888888
5	1.0
6	0.9949999999999999
7	0.9108823529411765
8	0.7818327490212109
9	0.7100086565035765
10	0.9187411095305832
11	0.938449157216614
12	1.0
13	0.9512226512226511
14	0.926923076923077
15	0.8301454141066682
16	0.9733175045030293
17	1.0
18	0.8543616620997103
19	0.920826860386254
20	0.7516561256671228
21	0.8169565217391306
22	0.873076923076923
23	0.8290376950805868
24	0.9329268292682926
25	0.8328103179790096
26	0.9727664844309789
27	0.6996441000081987
28	0.9190909090909092
29	0.9450322754168908
30	0.6697667948128372
31	0.8800348204110919
32	0.7777777777777779
33	0.6420547945205479
34	0.8038461538461539
35	0.7351142780846377
36	0.8712407322181471
37	0.9
38	0.9160967741935483
39	0.9198913043478261
40	0.9600322754168907
41	0.7333333333333334
42	0.9551572327044026
43	1.0
44	0.9
45	1.0
46	0.8035408460839267
47	0.5858435681965093
48	0.8649182076813655
49	0.9
50	0.9
51	0.7
52	1.0
53	0.8292413793103449
54	0.819324496662731
55	0.8814658454647256
56	0.735047149410736
57	0.8580294644218556
58	0.922102928127773
59	0.7984668335419274
60	0.9854057678883755
61	0.9196969696969697
62	0.89
63	0.8668214654282765
64	0.9677882855399634
65	0.84103470164186
66	0.9598484848484847
67	0.9386754254740317
68	0.967893569381763
69	0.917142857142857
70	0.7900323558883665
71	0.9
72	0.8013720461862845
73	0.9131578947368422
74	0.8011279012978616
75	0.916
76	0.4487897237897238
77	1.0
78	0.73125
79	0.7767780557217178
80	0.7345454545454546
81	0.9411411521413958
82	1.0
83	0.8938875415938188
84	0.8926075684726147
85	0.9260967741935484
86	0.8923807565507647
87	0.9218181818181819
88	0.9211904761904762
89	0.9236842105263158
90	0.9236842105263158
91	1.0
92	0.8606302438519957
93	1.0
94	0.7656319152571027
95	1.0
96	0.7806451612903226
97	0.9147058823529411
98	0.9418142023346304
99	0.8419717801896086
100	0.9
141	0.6534287942977257
142	0.8128571428571428
143	0.9
144	1.0
145	0.5873634781240694
146	0.7745409772686525
147	0.7272957275819851
148	0.8896342915773466
149	0.854608655513729
150	1.0
151	0.9780411954765752
152	0.9501316984559491
153	0.9147058823529411
154	0.8682430213464697
155	0.9073130918286694
156	0.8229639519359147
157	0.9062896371363192
158	0.8460839694656489
159	0.8409534380060686
160	1.0
161	0.8126164457921385
162	0.9384831460674157
163	0.9147058823529411
164	0.87248781187267
165	1.0
