1	0.8561275125069988
2	0.8811067339473728
3	0.7475285478047441
4	0.9010229276895944
5	0.896438758729673
6	0.8957936507936507
7	0.768433276594686
8	0.9277088648618563
9	0.7544675274298844
10	0.9127414702284865
11	0.8623640630962142
12	0.7928487146617595
13	0.8939949233956584
14	0.9070230321858441
15	0.7939901775053704
16	0.9624812170229217
17	0.901813028495151
18	0.940647204757773
19	0.925509220133429
20	0.8594853528196206
21	0.8178202518387272
22	0.7976980821726044
23	0.9375639322401305
24	0.9318047741949856
25	0.9356774558895729
26	0.8626282260970517
27	0.8694977007285178
28	0.8793939393939394
29	0.9246454680873372
30	0.737370840031222
31	0.8856904258828449
32	0.8476719889187228
33	0.8448153958114619
34	0.8537846683328355
35	0.8400389708006881
36	0.9153534329963235
37	0.92566298281605
38	0.9033402166133785
39	0.9571972372060109
40	0.9136558644703681
41	0.8004616210413312
42	0.8841167973018007
43	0.9418502549702937
44	0.9242959869870124
45	0.9374312063576179
46	0.8644384754262475
47	0.7817367065176827
48	0.8193439943944287
49	0.8507160142740424
50	0.9393001287955338
51	0.8478205295018643
52	0.8450284829824487
53	0.8587104542966613
54	0.8576247143393139
55	0.9615734510189747
56	0.7989024587074791
57	0.9367554464013595
58	0.9459865207756675
59	0.7768837584835177
60	0.8974789484759884
61	0.9487865812769927
62	0.9033209317311209
63	0.8668214654282765
64	0.8738736123412897
65	0.8702428386941771
66	0.8911370105752646
67	0.9490220344643793
68	0.9428904761804253
69	0.9223522829689664
70	0.9335235582439503
71	0.884634386394474
72	0.8445914070178966
73	0.8610581809427019
74	0.8657281563422161
75	0.8690404413922639
76	0.7155035745266065
77	0.9012010370828977
78	0.9391666666666667
79	0.9481729012714927
80	0.8282512951204659
81	0.967443377508818
82	0.9050735847161195
83	0.844314732882326
84	0.88431128803947
85	0.9124186972473802
86	0.8685633347491252
87	0.9288352976380015
88	0.8768934306408261
89	0.8705369544877724
90	0.8749226960860687
91	0.8824295997952504
92	0.8950910764989793
93	0.9400691121743754
94	0.9220220171167068
95	0.9278638488807981
96	0.8192105509737325
97	0.9256252612945141
98	0.9495347442046733
99	0.714655394416269
100	0.9129629629629629
141	0.8501267147956169
142	0.8950989010989013
143	0.9483564797500021
144	0.9514845427238118
145	0.8140682675987067
146	0.8496939848457682
147	0.8138516058348685
148	0.872990562709252
149	0.9068491548486258
150	0.9736195367826206
151	0.8956127301826947
152	0.9106751458583447
153	0.9216470588235293
154	0.9387922517284124
155	0.8749770308454281
156	0.8928632415236777
157	0.9143891501328573
158	0.879328183690779
159	0.9152885268557783
160	0.9571077268821037
161	0.8257117809998878
162	0.9199406991260924
163	0.8618477054632004
164	0.8778735857338353
165	0.900131548844658
