1	0.1960752788654493
2	0.3388384693844983
3	0.17746652806644958
4	0.36354305061366476
5	0.21679034844500916
6	0.22089896990431282
7	0.4340957256584542
8	0.33598175759717486
9	0.2379168832817721
10	0.554462228686634
11	0.23762418944758507
12	0.2603559978689877
13	0.38906293196422914
14	0.21530443180729625
15	0.3261458116950616
16	0.5012556061253418
17	0.3125233266637835
18	0.24520741658602452
19	0.29993535297887747
20	0.2997650535739735
21	0.24994216813244874
22	0.33551442576553736
23	0.3609247712944562
24	0.2681083875510619
25	0.23901239373606004
26	0.479090092935484
27	0.29726078228598396
28	0.34446361104597567
29	0.2300642152413633
30	0.1596668802866943
31	0.26373642934135966
32	0.2764217953942325
33	0.2377714828602185
34	0.2736561359439816
35	0.276804263813523
36	0.20141620733297158
37	0.27553287356197526
38	0.22124310102620207
39	0.15954026839109192
40	0.3439392830899943
41	0.4487642916385542
42	0.2567958931087214
43	0.3204021058776453
44	0.3500632778458336
45	0.20376205751193405
46	0.20819950991350175
47	0.3618014317707618
48	0.2370094257836744
49	0.2912164897765913
50	0.36303741245495935
