101	0.35828452127986365
102	0.2603365702124381
103	0.24606921018035166
104	0.3636645091777395
105	0.3113863851848168
106	0.2509529211687698
107	0.26670662127930617
108	0.2201386893079884
109	0.29596222340791
110	0.29156156345372203
111	0.27674035543185327
112	0.2581338080475408
113	0.2235019891535219
114	0.28728848017698333
115	0.316866145997816
116	0.27682688886571033
117	0.3515048320199651
118	0.25173221354602277
119	0.22129536331534747
120	0.20168068575045564
121	0.36252254073882695
122	0.3207028280984499
123	0.4273717870088314
124	0.4624007331542542
125	0.35006270631697195
126	0.4071350250014877
127	0.5095362920608024
128	0.3283660150797996
129	0.5623696673346503
130	0.403095264119627
131	0.4089688496045316
132	0.5065211288409265
133	0.5720265687389823
134	0.4353191930739913
135	0.4673086773452789
136	0.4832021570208584
137	0.4584718002975665
138	0.41696108600586745
139	0.42209838965531177
140	0.3604923830706563
166	0.3284432430529163
167	0.334372943678338
168	0.4525137366561948
169	0.1909885010918398
170	0.23868132637084777
171	0.49309650982717684
172	0.4084110740058595
173	0.3694447497536484
174	0.5695795100420948
175	0.3915824778731504
