1	0.32575299231815513
2	0.30972070393924356
3	0.33067960564503546
4	0.3351483281863904
5	0.27744911111053716
6	0.1893270649229341
7	0.33927438434782187
8	0.24803412633128655
9	0.33191968077567696
10	0.22977560447814152
11	0.31280414507742366
12	0.24136032213743913
13	0.382653570249904
14	0.25124943137614286
15	0.4461512302568025
16	0.3496731169654234
17	0.3924202737261612
18	0.2190624882629229
19	0.1983141941781694
20	0.22481383192004895
21	0.4267163742983161
22	0.6578770804119562
23	0.2869746116090292
24	0.7415133239557697
25	0.21759389975899177
26	0.49863081265190423
27	0.523358495226412
28	0.38196565461917364
29	0.2742120848549442
30	0.21072688827886857
31	0.36427918443643237
32	0.3875277944607034
33	0.3510908248801234
34	0.2110265068590532
35	0.6327712884887483
36	0.3322758175294735
37	0.41512212919507585
38	0.26505094014118985
39	0.14201262012785382
40	0.2719554521197465
41	0.39650449978497876
42	0.2035641706892241
43	0.285009880166052
44	0.32030893353046996
45	0.2785968339445299
46	0.23333684960825213
47	0.3944133275722438
48	0.4553973371389735
49	0.2873095309287274
50	0.367689472805731
51	0.6616479837522575
52	0.3049262835133287
53	0.3158924422591454
54	0.313135003555433
55	0.46171374686853206
56	0.3274278863519765
57	0.3198950043805656
58	0.30206000010347134
59	0.21705159110288935
60	0.46911780626962274
61	0.3214594821193949
62	0.18221837769538676
63	0.2704642076333012
64	0.3867450683680325
65	0.1984420468717815
66	0.29850869591605783
67	0.2799713362187909
68	0.23790732416522614
69	0.3683446392253647
70	0.34510613520258826
71	0.23582418471437255
72	0.7100328818903718
73	0.2758963861420137
74	0.49667533229844335
75	0.4306237794466735
76	0.3277337487319322
77	0.2583289864765096
78	0.595826924280375
79	0.22238429198755086
80	0.4438684086397099
81	0.4969501392515294
82	0.4057652953575113
83	0.3698466087129092
84	0.31604175983789407
85	0.3368933079977315
86	0.2120932009677275
87	0.4069142057407439
88	0.4844946572101736
89	0.4205489374803892
90	0.4031277723711604
91	0.2472048590595964
92	0.4240383704904468
93	0.37438517533375204
94	0.31947230507213115
95	0.3594416130542399
96	0.5144782004407291
97	0.2278133328884418
98	0.33894538965653587
99	0.5174602612319956
100	0.24053692912687025
141	0.3327127669682591
142	0.33428764826165774
143	0.3316071174748262
144	0.17843966501965414
145	0.21640432694544676
146	0.6630710004145873
147	0.36199052856538494
148	0.21450909639967822
149	0.24801292398575256
150	0.2715857798736302
151	0.3416782914122859
152	0.2807224207971583
153	0.2600856120192926
154	0.2934732772037511
155	0.19896634466219582
156	0.36975008958511846
157	0.30258574952919415
158	0.24764034668515372
159	0.3103229049480498
160	0.4709470141063675
161	0.41414187337291447
162	0.2670851576167406
163	0.2641003031286399
164	0.3212113718726729
165	0.7518671647260038
