101	0.9138275228951918
102	0.8067126407378882
103	0.9033124032283248
104	0.906313141006275
105	0.8259678814692734
106	0.9292567005421145
107	0.9217523198776764
108	0.8544671650221706
109	0.8638440701058908
110	0.9147996366760626
111	0.8914767481114219
112	0.9570142546867816
113	0.8359469837730708
114	0.9294786216044522
115	0.9264171942355082
116	0.9122159216387615
117	0.9092084451101266
118	0.8865357115137954
119	0.9155318511489775
120	0.9213806548297304
121	0.9280724261763563
122	0.9821802452375759
123	0.8264399324582965
124	0.9680092837832869
125	0.9246136220885063
126	0.7413263954538993
127	0.7226266420928568
128	0.9084193814819967
129	0.7490992459127175
130	0.8986704467155329
131	0.963242328042328
132	0.9115810410339684
133	0.9260905342786085
134	0.9433306817456173
135	0.8871144306713851
136	0.8293989470708987
137	0.8986785521577604
138	0.8234239326650301
139	0.9239647905690156
140	0.9977777777777778
166	0.7779103592588463
167	0.932012481343299
168	0.8928322229174013
169	0.8434436027297576
170	0.794776591070494
171	0.749819830545177
172	0.9332004873582567
173	0.9045742770589057
174	0.9257493124975814
175	0.9313326552846435
