1	0.7833333333333335
10	0.8666666666666667
100	0.8666666666666667
11	0.5666666666666668
12	0.7999999999999999
13	0.7833333333333332
14	0.8333333333333335
141	0.8666666666666667
142	0.6666666666666666
143	0.7666666666666666
144	0.8833333333333334
145	0.5333333333333333
146	0.45
147	0.7000000000000001
148	0.8666666666666666
149	0.7666666666666667
15	0.7333333333333333
150	0.7499999999999999
151	0.6
152	0.6999999999999998
153	0.8333333333333334
154	0.9666666666666667
155	0.6666666666666666
156	0.7833333333333332
157	0.7000000000000001
158	0.8833333333333334
159	0.85
16	0.8666666666666667
160	0.8000000000000002
161	0.8833333333333333
162	0.6166666666666666
163	0.75
164	0.6
165	0.8166666666666668
17	0.6833333333333332
18	0.7999999999999999
19	0.7166666666666667
2	0.8000000000000002
20	0.9166666666666666
21	0.8500000000000001
22	0.5833333333333334
23	0.8333333333333334
24	0.6499999999999999
25	0.8166666666666665
26	0.4666666666666666
27	1.0
28	0.3833333333333333
29	1.0
3	0.55
30	0.8666666666666667
31	0.8833333333333333
32	0.9
33	0.9
34	0.8666666666666666
35	0.8833333333333333
36	0.9
37	0.7666666666666666
38	0.8333333333333335
39	0.75
4	0.5499999999999999
40	0.7833333333333332
41	0.8333333333333334
42	0.85
43	0.7166666666666668
44	0.6666666666666666
45	0.6333333333333332
46	0.8999999999999999
47	0.8666666666666667
48	0.7666666666666666
49	0.5166666666666667
5	0.8333333333333334
50	0.8166666666666665
51	0.8333333333333334
52	0.6833333333333335
53	0.4833333333333334
54	0.8333333333333334
55	0.75
56	0.8833333333333334
57	0.75
58	0.7666666666666666
59	0.8500000000000001
6	0.7333333333333333
60	0.7666666666666666
61	0.9166666666666669
62	0.9666666666666667
63	0.35000000000000003
64	0.7999999999999999
65	0.8666666666666668
66	0.8166666666666668
67	0.7000000000000001
68	0.7666666666666666
69	0.7333333333333333
7	0.5666666666666665
70	0.6333333333333333
71	0.8166666666666665
72	0.85
73	0.7166666666666667
74	0.8333333333333334
75	0.8333333333333334
76	0.9
77	0.8999999999999999
78	0.9666666666666667
79	0.9333333333333335
8	0.6833333333333335
80	0.7166666666666667
81	0.8833333333333333
82	0.7999999999999999
83	0.6833333333333332
84	0.9
85	0.8666666666666667
86	0.85
87	0.8833333333333333
88	0.9166666666666666
89	0.7166666666666667
9	0.7166666666666667
90	0.85
91	0.9833333333333334
92	0.8500000000000001
93	0.9333333333333332
94	0.8666666666666667
95	0.8833333333333333
96	0.8833333333333333
97	0.85
98	0.8333333333333334
99	0.7999999999999999
