1	0.9593191316548344
2	0.9118940670770769
3	0.9038759747224778
4	0.9034695176914912
5	0.9710462251617963
6	0.9640289929533858
7	0.9241815863732976
8	0.9202704786288345
9	0.9529207933941092
10	0.9759901688631198
11	0.9592599449831007
12	0.8461284946999174
13	0.883653317373725
14	0.896464583847011
15	0.8819941334060333
16	0.9815318128998568
17	0.9682664069261948
18	0.9310765229344334
19	0.9164438270427767
20	0.9175604231331882
21	0.9255982443376628
22	0.8977878298349858
23	0.9517110041380903
24	0.9454554572460241
25	0.9157448748486652
26	0.9194467345912883
27	0.9315278301448486
28	0.9346433103163956
29	0.9626964205466387
30	0.9911111111111112
31	0.9366287550403605
32	0.9469518887029696
33	0.884338377722792
34	0.8900309725876147
35	0.9490872547697701
36	0.9399356596903432
37	0.9424955538413043
38	0.9436451510012372
39	0.9431793390497993
40	0.955367307155585
41	0.903724299126242
42	0.9277468697600808
43	0.9734991694990577
44	0.9324259704209726
45	0.9380367747053577
46	0.9391037861151388
47	0.9529317139608834
48	0.942439298094854
49	0.9546066305767983
50	0.9490292406190831
