1	0.8396984435958024
2	0.14878593234874793
3	0.7405355846932846
4	0.8205695975357871
5	0.6802100415496569
6	0.7728873136128893
7	0.7139915762304886
8	0.8557353149680247
9	0.7195274763899502
10	0.6931178076821031
11	0.7475081825835275
12	0.3997054606513901
13	0.7292585691961866
14	0.8729645919273551
15	0.7566314101434612
16	0.7695739710871423
17	0.814896372367031
18	0.9576836439394427
19	0.9192021950189952
20	0.703253960110836
21	0.7473050437558861
22	0.8459181229244924
23	0.8742078635399524
24	0.7871868754966466
25	0.8486880918684292
26	0.7587301864063148
27	0.9019513003482924
28	0.813848833159178
29	0.8979245851498864
30	0.8047817401301267
31	0.7939608300386555
32	0.7335765543708037
33	0.6445663846020961
34	0.8439661310875397
35	0.7870224939294186
36	0.6374351244433497
37	0.7175832340351289
38	0.867773316365586
39	0.8476281389150704
40	0.6510112329174065
41	0.89147386310361
42	0.8741884656420478
43	0.9712427329249549
44	0.917844852606901
45	0.8176138555826706
46	0.716314802116278
47	0.7187109005633788
48	0.7682818989242819
49	0.8117747949782286
50	0.841217456861123
51	0.826401028585402
52	0.738062185384095
53	0.7902395507873983
54	0.05030172195999921
55	0.8622321007045737
56	0.17735647745369443
57	0.790311009414904
58	0.6829708157979537
59	0.5807167027674728
60	0.7245228877765416
61	0.923123643753947
62	0.9168459567140455
63	0.905892753468782
64	0.41921817661349214
65	0.6338227711064559
66	0.5865998154378788
67	0.9542576808771074
68	0.837655160825092
69	0.9193710846697403
70	0.8552340294638601
71	0.9164876091581764
72	0.8353541417913981
73	0.8640220005437398
74	0.8555798838595968
75	0.8486559512325679
76	0.8848977344506189
77	0.9765351944107253
78	0.9180328871543825
79	0.8820084043999507
80	0.8691224773459848
81	0.6280484708750572
82	0.6790539693118255
83	0.6472974814052711
84	0.5999834880472819
85	0.8680216030445181
86	0.8784039412232298
87	0.8073378122382532
88	0.8840331094817534
89	0.8613678179018343
90	0.9079863521108658
91	0.8140434205118834
92	0.9179621863107292
93	0.7739259867927042
94	0.8205898417248493
95	0.7777369397817621
96	0.720415022874374
97	0.7350638846497826
98	0.8153182700762037
99	0.6367487020966484
100	0.9409859934673089
141	0.8335297561857489
142	0.7224171397009379
143	0.7472931719102784
144	0.7995537396002336
145	0.7673177831142944
146	0.526061607802945
147	0.8007051328144966
148	0.8719579102903484
149	0.9164575519973566
150	0.8862624755852514
151	0.8758560372455446
152	0.8817757638873979
153	0.8924029155013137
154	0.9491183528206305
155	0.9034310902909937
156	0.8272636921452576
157	0.7275833067752722
158	0.8461111111111111
159	0.6994105044949334
160	0.8291440777777989
161	0.9057728803183347
162	0.7645743107207574
163	0.7914740538461538
164	0.8044705731106478
165	0.9149973583013703
