1	0.75
2	0.22581698954183996
3	0.5730261890824128
4	0.43070996913177684
5	0.2701311438318017
6	0.561044823737293
7	0.42840726101595666
8	0.7047619047619047
9	0.5987146548321015
10	0.6867008364458795
11	0.9035133396423832
12	0.0213951796271032
13	0.4188914153215957
14	0.893869108708196
15	0.621169140378109
16	0.6990758490202145
17	0.712915350940103
18	0.9899999999999999
19	0.9
20	0.696690504708894
21	0.6592185665585355
22	0.7461538461538462
23	0.8412326869806094
24	0.8256560415122312
25	0.867552204176334
26	0.6678741478270935
27	0.7861024844720497
28	0.6241379310344828
29	0.7510078553967111
30	0.7905029838022166
31	0.6652342098523892
32	0.3581775702214872
33	0.5486246941863236
34	0.6548918918918918
35	0.7842265954121203
36	0.45573326368857725
37	0.6265996852586058
38	0.9675176421751764
39	0.8019736842105264
40	0.46285462848137193
41	0.8
42	0.891367187521342
43	0.9045
44	0.9068181818181819
45	0.8914430359738938
46	0.6074792899408283
47	0.7503894162710272
48	0.7256472417894063
49	0.8345106382978724
50	0.860664974903249
51	0.7785683408007509
52	0.17503579863720792
53	0.43051879465672566
54	0.018184315754810144
55	0.8792510138924843
56	0.29763734490698457
57	0.8264412980150396
58	0.4106949868802651
59	0.04595749328069548
60	0.5081615857622739
61	0.8115322580645161
62	0.7976691108221969
63	0.8748989005443842
64	0.22992946589602842
65	0.07235485555510605
66	0.04765007197261002
67	0.9571458901071044
68	0.7121645569620252
69	0.8793668285394098
70	0.7209024372454189
71	0.8324999999999999
72	0.7435416666666667
73	0.9
74	0.8473563218390805
75	0.7669756872701761
76	0.9095744680851064
77	0.9406917205067483
78	0.8278021978021979
79	0.7417797552836485
80	0.8382459782044629
81	0.7401645292999719
82	0.6219999999999999
83	0.46326584067251114
84	0.42834091953389164
85	0.8269346443030654
86	0.9107142857142858
87	0.3461748042961993
88	0.6415139836618304
89	0.8163636363636364
90	0.6959385844988958
91	0.7656603561807842
92	0.7581395348837209
93	0.8598308270676693
94	0.879611204013378
95	0.7074165474411263
96	0.6990486115269026
97	0.7900488586816069
98	0.8
99	0.6782642248032127
100	0.8
141	0.7853157195811908
142	0.4565818392134182
143	0.8073845622348286
144	0.7713075971317995
145	0.18684782608695652
146	0.5176582277192757
147	0.8029040404040405
148	0.9199823017526658
149	0.8949999999999999
150	0.806050721727565
151	0.7471728746756583
152	0.794100119909436
153	0.7266666666666667
154	0.9216775285123449
155	0.7518035426731078
156	0.7624402986828471
157	0.5922723640492913
158	0.4375
159	0.36395933395632596
160	0.6772181522181523
161	0.78
162	0.6871256996526626
163	0.7374877810361682
164	0.9041245463397362
165	0.8949999999999999
