101	0.9513682221547392
102	0.896943249039278
103	0.8233431300689229
104	0.7012113804481415
105	0.8446977986324592
106	0.8216461946050095
107	0.9
108	0.6796579866715385
109	0.93186793047773
110	0.8861794989423248
111	0.9
112	0.8481323225860093
113	0.8854414883362252
114	0.8884000460892624
115	0.8180439114152517
116	0.6843461985656346
117	0.9
118	0.731764705882353
119	0.7683963436807402
120	0.9717418546365915
121	0.9477443609022556
122	0.9949999999999999
123	0.851073169972992
124	0.8569313234092608
125	0.819620190834683
126	0.8963636363636365
127	0.9084
128	0.8927489481065919
129	0.8705945349438446
130	0.8457806176510527
131	0.9844710385464479
132	0.981119420702754
133	0.9084
134	0.9067741935483872
135	0.9205090835920432
136	0.9077777777777778
137	0.9077777777777778
138	0.9091304347826087
139	0.988915522364089
140	0.9949999999999999
166	0.9150124061377735
167	0.8665314932138187
168	0.7553224553224552
169	0.8730325752484702
170	0.8377453735509801
171	0.9053365157722222
172	0.9063636363636363
173	0.9063636363636363
174	0.9077777777777778
175	1.0
