1	0.2525214482984863
2	0.22461203049353679
3	0.2547440386901529
4	0.21866803203906798
5	0.2669761790279685
6	0.2214629686673386
7	0.20463017392030314
8	0.2082426683902116
9	0.2523144902931299
10	0.17299647046382308
11	0.12558307934441115
12	0.19139365904915062
13	0.18194555345514257
14	0.1727309758867759
15	0.22184520115296805
16	0.22442320017156292
17	0.2041073018751569
18	0.19949868434856308
19	0.23484443368850316
20	0.24074348878709664
21	0.21397996724346718
22	0.2729766789278837
23	0.17383696019580977
24	0.20690643765913994
25	0.18809391198503922
26	0.23513281710589412
27	0.11960583138689514
28	0.38663454980441914
29	0.20314888965676273
30	0.13767015755406803
31	0.22385211417988288
32	0.13053790811305097
33	0.23811940988714433
34	0.17373596838058497
35	0.42701297134894023
36	0.32507152239186315
37	0.35842007578907037
38	0.26703112685687275
39	0.10353756736515422
40	0.3843076493729699
41	0.26585124853881076
42	0.31803040836076424
43	0.2315230287798046
44	0.2188405499816252
45	0.2218194278209699
46	0.3274868767244532
47	0.33628296145253167
48	0.25455982215914835
49	0.2035012730439604
50	0.20843648579222177
51	0.18680225457348304
52	0.25621979499800485
53	0.23969141100906582
54	0.17646283549198988
55	0.19666540974423577
56	0.21249153179978508
57	0.27054767969733645
58	0.1773739156796257
59	0.23570440361405137
60	0.2886609402629104
61	0.2653535293325439
62	0.24399454752930488
63	0.19642411345898703
64	0.18537154319715932
65	0.12939034906428454
66	0.1796256462469201
67	0.2348641764303397
68	0.19169331725139677
69	0.21883738635026595
70	0.2286276021867662
71	0.16257184312752798
72	0.2756811122858808
73	0.3711596577858887
74	0.216420400528899
75	0.25860287009800825
76	0.2858980557878193
77	0.18715212354118338
78	0.12011624157361667
79	0.15488882574950844
80	0.32940346754417815
81	0.3497979333354202
82	0.4445275615962167
83	0.17751328960624801
84	0.21916439729233672
85	0.37693588371749864
86	0.26413465363833566
87	0.22765660161908752
88	0.2963983488121039
89	0.23886427566200924
90	0.19898154489051995
91	0.22943129941406754
92	0.15463401683132996
93	0.2730741768996755
94	0.2613888812342436
95	0.20849271271347042
96	0.17514058820631312
97	0.28733294664967773
98	0.20277310841536952
99	0.18080422448825245
100	0.2155360655311877
141	0.2639587475665341
142	0.2448723057643786
143	0.2835804830219323
144	0.17657719799157437
145	0.18395578112926608
146	0.14599303414941794
147	0.24798950434510414
148	0.20750248454458178
149	0.1812346690789368
150	0.22442414117408468
151	0.22825868976554994
152	0.221351957830157
153	0.18346658627379472
154	0.2658018911906364
155	0.19019501913672734
156	0.16260013050843952
157	0.42230657004167194
158	0.18215270764132113
159	0.29013125926169575
160	0.18643177158538599
161	0.26870797949035596
162	0.20481346317967586
163	0.27843895375870653
164	0.20217934874418542
165	0.2272334613220274
