1	0.2160516582318889
2	0.36459838930705085
3	0.29254667434069676
4	0.1995710832405619
5	0.34087445375464753
6	0.3331488722598047
7	0.42367912786013406
8	0.34592717230637693
9	0.332627341106492
10	0.4557287196255948
11	0.3298945054503326
12	0.39803325821877716
13	0.45660878116305936
14	0.24060901250294423
15	0.22748150022610378
16	0.49554339268789116
17	0.2580839776855307
18	0.38584573728063487
19	0.3339734653850215
20	0.42094090708358545
21	0.2901482734068212
22	0.41145743912076754
23	0.4171210790787495
24	0.49527840606464324
25	0.29411065593254626
26	0.5334844594937336
27	0.30933869074229314
28	0.2906027762679475
29	0.394875343472741
30	0.14036559915375696
31	0.3666557297961005
32	0.4552503689634147
33	0.2897402313471556
34	0.3376234581260832
35	0.3451747613007682
36	0.34095244520985474
37	0.26842152878018355
38	0.34744139929469336
39	0.36264878328026684
40	0.47068035458706003
41	0.3798744356534915
42	0.28804518433891874
43	0.28157912574870836
44	0.4433315744879748
45	0.3262798531201586
46	0.2537304408578201
47	0.4203772586853095
48	0.30924357223102616
49	0.30595583851416597
50	0.34098661765907473
