101	0.29065972853606953
102	0.24821790890205706
103	0.19596978346529884
104	0.2140605291094501
105	0.2703756885636885
106	0.23367428752605837
107	0.2745782865710873
108	0.2270999979964231
109	0.2690768961925901
110	0.26530449197089756
111	0.3360764671804569
112	0.21396635636968528
113	0.19737720597194552
114	0.2698620504156493
115	0.3119350115719378
116	0.2382981715365196
117	0.18061010536470687
118	0.20876680317881954
119	0.21655688468948975
120	0.31821026864655444
121	0.21708233569735919
122	0.2352322785150413
123	0.2896289686094489
124	0.28340445437559414
125	0.2823503544348025
126	0.2736071567652558
127	0.29201736733092204
128	0.282282307546787
129	0.29673879173140666
130	0.29983687792613933
131	0.2714007178511454
132	0.2851221028548043
133	0.2784478720739023
134	0.2893883789727944
135	0.20196827150873742
136	0.2730226862725615
137	0.30691397794310404
138	0.28665476738964457
139	0.29673072584132665
140	0.22841201015825746
166	0.26848935174295246
167	0.28193101563094525
168	0.2543155060004544
169	0.2646814180743308
170	0.24166481442396812
171	0.236630825029559
172	0.2815887902289724
173	0.28318474502717295
174	0.2834399671332759
175	0.20060773000345883
