1	0.21797954088750238
2	0.1776409053885101
3	0.24406830228926968
4	0.24317982713109182
5	0.26464081541411916
6	0.2525998818122048
7	0.22538413429344828
8	0.1984508386600789
9	0.26775362194121494
10	0.23511523082580713
11	0.15522939305974157
12	0.2767246680447544
13	0.2390067030427707
14	0.21329992116379615
15	0.25736654666851294
16	0.2428422620322739
17	0.25153564924262656
18	0.19494745997666507
19	0.29008319099133634
20	0.26229212882314995
21	0.24261711409221762
22	0.28176379212125
23	0.17340694711622548
24	0.28319558404755085
25	0.16450794769885563
26	0.24816231787720897
27	0.20078383700996452
28	0.38663454980441914
29	0.2242690583826073
30	0.20138344912081305
31	0.1681127037040825
32	0.22025209279501776
33	0.2646602445798853
34	0.21757395251665135
35	0.3970184369668141
36	0.2838372105294416
37	0.2863766232995571
38	0.2554943420086348
39	0.20763112150954194
40	0.35925571861597805
41	0.25853538636983253
42	0.22098396866210565
43	0.23585797031431913
44	0.23083726321777334
45	0.22237035879601072
46	0.22983301773978893
47	0.3018354916444018
48	0.29025697110542464
49	0.21385019441790926
50	0.21015704392050552
51	0.21673029052035422
52	0.21324578790800272
53	0.2523664279203891
54	0.21599749924830816
55	0.2031012316618106
56	0.2547214072604592
57	0.2930071897865607
58	0.23692528138218596
59	0.19101990147160983
60	0.3006086344336477
61	0.23649988823378681
62	0.24071463950889335
63	0.19642411345898703
64	0.23718474893733357
65	0.22439821687975067
66	0.2441009709230704
67	0.196986125941565
68	0.2213141500637028
69	0.23981343990168283
70	0.24970791353557342
71	0.181530862967953
72	0.19735432190299448
73	0.1963125749674769
74	0.2181014575329018
75	0.19837031919277515
76	0.25062015563136897
77	0.16297240108059782
78	0.181592829331196
79	0.1418851317962969
80	0.24476700030961682
81	0.286195098882267
82	0.27889811813899773
83	0.25115712561277465
84	0.25602242013399895
85	0.28255110239262093
86	0.2824821145643916
87	0.272838233304089
88	0.25814226969239756
89	0.237045886655645
90	0.22884181450539337
91	0.21953659758510022
92	0.206811594951095
93	0.2843921872416272
94	0.1764915169100568
95	0.27202716350442907
96	0.21877454962464757
97	0.3423353979895273
98	0.2144917297947419
99	0.22126785167332202
100	0.23295971565588242
141	0.2664777966858133
142	0.2718789029521939
143	0.258966296578842
144	0.22753475994795383
145	0.2373384737231713
146	0.1656755998756978
147	0.24844924619231273
148	0.2335880395789636
149	0.20265201829882973
150	0.22164577613181716
151	0.2635868193159506
152	0.24776974678256056
153	0.19085861597059076
154	0.13125775462645578
155	0.19202215307482418
156	0.20593465216102785
157	0.3526590499497313
158	0.226571028321198
159	0.28190688993488316
160	0.23909508705356294
161	0.3039233247195406
162	0.3239729114955982
163	0.28907736319308397
164	0.22211027959708277
165	0.25190177207461467
