1	0.8728523780768362
2	0.985
3	0.9026667751516392
4	0.9949999999999999
5	0.8821925366805781
6	1.0
7	1.0
8	0.9450054704595185
9	0.8214285439118008
10	0.9697184853014449
11	0.8838031336320176
12	0.9102907027979731
13	0.8549221138956138
14	0.8444449986273558
15	0.861605985406867
16	0.9575490866514288
17	1.0
18	0.9527299925205683
19	1.0
20	0.9433805013927576
21	0.8071567752559737
22	0.873076923076923
23	1.0
24	0.9261436672967864
25	0.9177551020408163
26	0.9450926367955625
27	1.0
28	0.6241379310344828
29	1.0
30	1.0
31	0.9173684210526316
32	0.9388888888888889
33	0.74
34	0.7357142857142858
35	0.8714681798875755
36	1.0
37	0.9949999999999999
38	0.9949999999999999
39	1.0
40	0.8507789319923379
41	0.9399275362318841
42	0.91875
43	0.9
44	0.9740105719707237
45	0.8895100130703245
46	0.7921325051759835
47	0.8013526057276057
48	0.9656761918379019
49	0.9672553191489361
50	0.8962730835658297
51	0.9826099453866053
52	0.9338888888888889
53	0.9185923114198029
54	0.9640476190476189
55	0.9759964958388085
56	0.8534209410841882
57	0.9632206490075198
58	0.9277777777777778
59	0.9582979851537645
60	0.938171430483092
61	0.9949999999999999
62	0.944461983688503
63	0.8501547987616099
64	1.0
65	0.99
66	1.0
67	0.963917306052856
68	0.8942337512723917
69	1.0
70	0.8412529502010955
71	1.0
72	0.8013720461862848
73	0.652319824760841
74	0.9949999999999999
75	1.0
76	0.8639744883605793
77	0.9526964095271951
78	1.0
79	0.99
80	0.8805355225483178
81	0.9670274351875158
82	0.912003129890454
83	1.0
84	0.961053126002936
85	0.8856697769483693
86	0.8694665114509
87	0.9214285714285715
88	0.9949999999999999
89	1.0
90	0.9949999999999999
91	0.9384831460674157
92	1.0
93	0.9627899877899878
94	0.7979779093356248
95	1.0
96	0.912962962962963
97	0.9123723318528514
98	1.0
99	1.0
100	0.9949999999999999
141	0.931764705882353
142	0.9128571428571428
143	0.8085283141568972
144	1.0
145	0.9746928746928747
146	0.9168037150674792
147	1.0
148	0.9685667370396434
149	0.9485626535626535
150	0.9310885775270737
151	1.0
152	0.9352835305396375
153	0.9155172413793103
154	0.9636254019292604
155	0.8583732057416269
156	0.8849021779254336
157	0.91391970681326
158	1.0
159	0.9345380802163137
160	1.0
161	0.8332867132867132
162	0.9748137108792847
163	0.985
164	0.8857049371842123
165	0.9147058823529411
