101	0.9408996248327794
102	0.9359262548217878
103	0.9422208868321168
104	0.9757087735646882
105	0.9103374789831105
106	0.9368303581584588
107	0.9663127028522275
108	0.9256587950844553
109	0.9231127852273365
110	0.9216520647706684
111	0.9024464567851667
112	0.9890174624658027
113	0.9627963439017424
114	0.9590282763260574
115	0.9522157803708461
116	0.958241016965107
117	0.9423603403625601
118	0.9829843750323871
119	0.9639584912593178
120	0.9149423687796079
121	0.9093570733131099
122	0.9404761904761905
123	0.9532775404048246
124	0.9410279317162475
125	0.951650238948626
126	0.962615377917102
127	0.9631810344827585
128	0.9325182820778816
129	0.9497370432633372
130	0.9624060059770557
131	0.9381521186107311
132	0.9414371142380402
133	0.95405291005291
134	0.9544280167264039
135	0.9064487040565958
136	0.9558543785920952
137	0.9630081949765857
138	0.9486970473003234
139	0.931872064203303
140	0.8807779522065237
166	0.9414852770478255
167	0.9294601714296188
168	0.9033303087265474
169	0.911328720568542
170	0.9109847179159086
171	0.9375487246734547
172	0.9373066421675639
173	0.9535549543509324
174	0.9627988230365396
175	0.9176937441643325
