101	0.8520498622078425
102	0.8552645758234401
103	0.8936260770013705
104	0.9176055771541499
105	0.8954684793944053
106	0.9171195456823997
107	0.89488109207718
108	0.9017416377589137
109	0.8673272121454941
110	0.8814549986847124
111	0.8819952076282337
112	0.9372596302895979
113	0.926998314994686
114	0.9497939146855656
115	0.9366204664624186
116	0.9115657393308961
117	0.8886386556795496
118	0.9579348519128942
119	0.9294989461770905
120	0.938698895157135
121	0.9465079290520745
122	0.943806249236938
123	0.9160729499017918
124	0.9151695909054416
125	0.9306809436696085
126	0.9342375945199931
127	0.9108737844125506
128	0.9068563262927479
129	0.9230722846788563
130	0.9279171977330608
131	0.9550558356810007
132	0.8884965446497497
133	0.9508590679321883
134	0.9109330994421777
135	0.9251926746755238
136	0.968590238129817
137	0.9506229325290038
138	0.9209037661878483
139	0.9451455810156105
140	0.9410564017886477
166	0.9143145554130014
167	0.898771451834263
168	0.8962316546820025
169	0.9042540547582653
170	0.9122133168320867
171	0.8235674431897545
172	0.847538638693473
173	0.865875751305448
174	0.8265766738529655
175	0.9198128368506739
