1	0.8695599631968349
10	0.9519617137821555
100	0.9758552830759916
11	0.811570793215088
12	0.9407650975710619
13	0.8488162509709926
14	0.9175264851772621
141	0.952517114155654
142	0.9278955567091761
143	0.89209381720466
144	0.9351929276289085
145	0.812194553325699
146	0.8304485418228768
147	0.8610914958302641
148	0.9307636177857662
149	0.9185409718471426
15	0.8831225893295293
150	0.9609620420125496
151	0.8802186638142246
152	0.9172638972846202
153	0.9921910755148741
154	0.9085588806941186
155	0.9263347372453173
156	0.8968872076348712
157	0.9228179228179229
158	0.9632291666666667
159	0.905069102362606
16	0.9070185727686936
160	0.8470705246110329
161	0.8738579881402998
162	0.8910861919803885
163	0.9240040254600083
164	0.842492985462043
165	0.9306420900923583
17	0.9231048672720242
18	0.9837245526068101
19	0.8691717676739178
2	0.9036929551382143
20	0.8363157727155085
21	0.9135645740482571
22	0.9241752896821652
23	0.9518333333333334
24	0.9567154083140631
25	0.9423511161843648
26	0.8666113234959005
27	0.9170130088651844
28	0.9281440162271806
29	0.9575230133742578
3	0.9139830366662539
30	0.8534286300865368
31	0.9069322070070763
32	0.8312379304510854
33	0.7833622027281808
34	0.9491483653275702
35	0.871502647951362
36	0.8688291537522307
37	0.9358324413418654
38	0.8453654910078138
39	0.9161584582385944
4	0.9717809037633393
40	0.9003751792908034
41	0.9431829276452638
42	0.914772940678121
43	0.9822414457832952
44	0.9430495575127419
45	0.9390626580792608
46	0.8719017425810903
47	0.9003989672883813
48	0.8419604495631123
49	0.9583370116180475
5	0.9244037719572179
50	0.9511266125016449
51	0.9391309234728028
52	0.9421727818530594
53	0.948672731530659
54	0.9008063854927403
55	0.9143868321139722
56	0.9865767103244761
57	0.8387198610596164
58	0.8905792088100886
59	0.9583789453241064
6	0.9408806239633548
60	0.9401997101226475
61	0.9938755758919445
62	0.9442075713499131
63	0.8703792944082398
64	0.9523091259957027
65	0.9392135848006529
66	0.9268927441574143
67	0.9448562722594978
68	0.9227174305771948
69	0.8409585495318838
7	0.9222481995606748
70	0.811459161125062
71	0.9759192715386963
72	0.8501652038688859
73	0.9069191424587206
74	0.866171673769211
75	0.9613358865997533
76	0.8358917473960384
77	0.958750541053477
78	0.9991666666666666
79	0.9697963814357257
8	0.882851576784943
80	0.913223412078374
81	0.8798473080973294
82	0.910600891588679
83	0.9008126640135922
84	0.913061458226081
85	0.9399634974533106
86	0.8795615625335199
87	0.8750832560750137
88	0.9281789831038489
89	0.8669184344003207
9	0.815878577739344
90	0.9262397580869832
91	0.9881481481481481
92	0.9423932261432261
93	0.9825641025641025
94	0.8547077891086768
95	0.9138964066423617
96	0.8348912570998578
97	0.9196740550213138
98	0.9829609365534852
99	0.8660533622417539
