101	0.28243965348631844
102	0.1983840213102728
103	0.22342866430784403
104	0.2057450686360831
105	0.19793273076848356
106	0.23981925177757984
107	0.29951858575910495
108	0.19535000321033838
109	0.2601768711051382
110	0.23270965716055408
111	0.2617430645281847
112	0.21176111421400406
113	0.1853526168133428
114	0.2316374247231973
115	0.27042493698832626
116	0.20205155119011495
117	0.21185793431154706
118	0.20833307179051866
119	0.22416005523259
120	0.2823556008989028
121	0.2181392078209498
122	0.24385565013014374
123	0.2964576893569886
124	0.25858528995902225
125	0.29783144102301823
126	0.2536142646581017
127	0.2610043744826583
128	0.26166608283831333
129	0.2621061077098543
130	0.27091379254455006
131	0.23892282772601034
132	0.3165194397877475
133	0.25295184373625224
134	0.25791954189394756
135	0.24075658522699592
136	0.2551845391525578
137	0.3106407370129072
138	0.25500182422239714
139	0.33436296155171774
140	0.24663234111313573
166	0.2015078064671775
167	0.2827919570431049
168	0.23897019657905305
169	0.3160038006840847
170	0.31450398953444003
171	0.30189111977692606
172	0.3644071956574379
173	0.30346028414592796
174	0.3011273877441537
175	0.2438817693984035
