1	0.2861695757019123
2	0.19161091183947093
3	0.3058350642079914
4	0.2915657902685995
5	0.41425159105715254
6	0.3051677219686656
7	0.28443836776825027
8	0.22993323510192556
9	0.3265638594745847
10	0.23934212371452818
11	0.3353783260547981
12	0.2814126727085196
13	0.271038762181024
14	0.2630057097210237
15	0.3060504358433209
16	0.24640987162140163
17	0.2843346615549394
18	0.24092950907208482
19	0.36550854298858204
20	0.32031012697072464
21	0.27860470746686244
22	0.3573018245482454
23	0.13768177758904795
24	0.38239458673127374
25	0.18126044750570983
26	0.35507579533621614
27	0.16593583368719117
28	0.35344258236031856
29	0.17629506779120355
30	0.18229034920477372
31	0.24405464771094232
32	0.2207264809835436
33	0.24341161218594082
34	0.24577192671559625
35	0.41422386021559077
36	0.26584235506329734
37	0.31385491856333747
38	0.297598247586403
39	0.24991177431794445
40	0.40496230179437953
41	0.2970375368147125
42	0.31168651764697164
43	0.23924084680690857
44	0.33097119292584226
45	0.3008759110232595
46	0.23413554152954275
47	0.3516538545232439
48	0.27466453708432365
49	0.31634546400531693
50	0.24697210054656843
51	0.27225786281201947
52	0.3248250773051707
53	0.30793811903951374
54	0.2516488247202741
55	0.2038671234194285
56	0.2486606537482722
57	0.2739971265549292
58	0.291069574189056
59	0.20175722463171408
60	0.2840823288049071
61	0.3320609704550184
62	0.29896875074701923
63	0.4528614413566401
64	0.29179603798863674
65	0.27198654483346807
66	0.2823109499443521
67	0.26753936607385914
68	0.2993375834157462
69	0.28376094715305666
70	0.23955469877912744
71	0.17022788366779018
72	0.17005519864689528
73	0.17476732860984417
74	0.1876629305489829
75	0.22945992785707617
76	0.2294207569371038
77	0.1606423486203514
78	0.17683824992829036
79	0.16763555675904623
80	0.27554763277819255
81	0.29053459160904016
82	0.311619633770271
83	0.28872772672274344
84	0.28625492606050656
85	0.3251595743387351
86	0.3272208664666418
87	0.30907206344321503
88	0.31781694037136904
89	0.27212439868388577
90	0.3530378130541117
91	0.25416748383354704
92	0.2404906185938308
93	0.20658433504730514
94	0.15283337164456845
95	0.24248507865932095
96	0.26928117853610123
97	0.3106552683886792
98	0.23740902885470294
99	0.28542636479786815
100	0.2374691463862141
141	0.3389330620386835
142	0.2969328360743838
143	0.2760614737871182
144	0.3141865139603286
145	0.29766022503404965
146	0.2123224478178203
147	0.24965876935550108
148	0.23889044852412128
149	0.24356471357115664
150	0.22156388607114394
151	0.29434309490259974
152	0.2381441899871756
153	0.20345504488353658
154	0.17757173789001698
155	0.2143749916912814
156	0.2601850147909689
157	0.43500084532384037
158	0.2666437430628624
159	0.2783867138005351
160	0.22852483447459124
161	0.2754938619504196
162	0.27841305924686865
163	0.31387343297399906
164	0.25825624117268997
165	0.4395555930345533
