1	0.3482514703537173
2	0.4172221721480069
3	0.3850550756594786
4	0.3197876867706243
5	0.23955859196125764
6	0.34624420989299315
7	0.33486328992601555
8	0.3155736883382718
9	0.3312361770203759
10	0.28570350044835613
11	0.29481959035389804
12	0.328787355121289
13	0.4361961259627888
14	0.32559489898564464
15	0.29948088486052193
16	0.42663693359536986
17	0.37980158431459843
18	0.24846219814765774
19	0.2379258451728859
20	0.46185481519651395
21	0.27389251004076953
22	0.23623594329244332
23	0.3907268241099778
24	0.3762744174057295
25	0.40257012386132124
26	0.35814059507155743
27	0.3424133520458815
28	0.2400566711404454
29	0.4130752488612425
30	0.1993491543347606
31	0.3687761519406337
32	0.2805014440428136
33	0.30612870461373237
34	0.2745205981032057
35	0.3733224871811154
36	0.3193599799103522
37	0.3151298924075579
38	0.3410926038705018
39	0.36431392256535705
40	0.20072049605774342
41	0.3094694830092398
42	0.44233315471774465
43	0.3683541238139284
44	0.3047075279200969
45	0.4401348736577534
46	0.2455360692759025
47	0.3619259204289592
48	0.21917570576142328
49	0.3009046328361423
50	0.31723742899381147
