1	0.827382444281619
2	0.924792452178085
3	0.8173876637476838
4	0.8373869382649872
5	0.8810058220732491
6	0.9077839292813785
7	0.7408847865410296
8	0.8463005925993478
9	0.68967719191728
10	0.9098776761557426
11	0.7366233267711398
12	0.8163239845749877
13	0.8008344644782853
14	0.877965466127828
15	0.7566314101434614
16	0.8690187810493155
17	0.9603112511375644
18	0.9198161661635601
19	0.7666305577830923
20	0.734194727442012
21	0.7779501202498816
22	0.841343730044856
23	0.9165046789597802
24	0.7722817264451558
25	0.9097079576221153
26	0.7369770313475924
27	0.9988888888888889
28	0.8819160339391869
29	0.9899698834620924
30	0.833635526713401
31	0.9147536398154039
32	0.9154505222227249
33	0.8913176665477912
34	0.9067799406397018
35	0.814858372755428
36	0.929212219869333
37	0.949223277143243
38	0.8884940417819793
39	0.9702148755891056
40	0.7381836631649844
41	0.9143029432079576
42	0.8963433674497485
43	0.9763446351173113
44	0.9119404758826279
45	0.8480201444237726
46	0.8388171737489437
47	0.7142492026838267
48	0.8805450973517146
49	0.8801808254598829
50	0.8856923376166175
51	0.8763579579358614
52	0.685845702614757
53	0.8115802605070896
54	0.8911173932016404
55	0.9047367422766439
56	0.874146195634201
57	0.8342143085130636
58	0.886280511975013
59	0.912537916574216
60	0.8557884679453758
61	0.9400073991860896
62	0.9378010491855008
63	0.7775007179146989
64	0.8919064875689814
65	0.8475253010257263
66	0.8382548130879807
67	0.8598160446605188
68	0.939170180693558
69	0.8723204862841017
70	0.8577431777522183
71	0.8947212661033193
72	0.8851477157986937
73	0.893534136152543
74	0.8882936941518177
75	0.8877229922328785
76	0.87305661558909
77	0.976162254790779
78	0.9602466715632889
79	0.9121755366434515
80	0.8480637049328755
81	0.9324154589371981
82	0.8955427952123819
83	0.8742447602987422
84	0.9024619415335854
85	0.8433514978657477
86	0.9160517741575054
87	0.908685408636389
88	0.9430858351981827
89	0.9154612852759628
90	0.910208574333088
91	0.8482107436721275
92	0.7764539065103416
93	0.9508537108537111
94	0.9047351187476619
95	0.8942844829033757
96	0.8290053031007341
97	0.930462821106107
98	0.8815698643928105
99	0.7717739186199054
100	0.95
141	0.8708854747297416
142	0.7471458039182433
143	0.9016085351225513
144	0.9342099685740854
145	0.7509481620930643
146	0.8310886962338356
147	0.837765047955113
148	0.8771366611818661
149	0.9153026329699134
150	0.9331470630897564
151	0.9284034792368125
152	0.8711399624070432
153	0.9510695821679803
154	0.9811684724877842
155	0.8852312213936467
156	0.902489919707934
157	0.8653154904029466
158	0.9169075487701442
159	0.9083098066888396
160	0.9517713262993264
161	0.8874114048562265
162	0.7790212837271662
163	0.8844971438717932
164	0.8882544684701638
165	0.848272057035228
