1	0.36001904409092067
2	0.24121424777873146
3	0.6524580793063428
4	0.6937853120662317
5	0.4613888195192878
6	0.45401246762226505
7	0.7203251635341692
8	0.47039914717368425
9	0.2889906205865653
10	0.29622703556384744
11	0.4060428840826711
12	0.3387231061203869
13	0.388527886232156
14	0.28269256492964534
15	0.4207212913963937
16	0.4465323868162653
17	0.38692677037850753
18	0.3857653406895455
19	0.3943081728831539
20	0.29704784328226747
21	0.2873440461646727
22	0.22993102410418279
23	0.3946954466569572
24	0.3004861933078797
25	0.496350604847019
26	0.5411741070517866
27	0.28920778742948644
28	0.33095722231494
29	0.2778412146322261
30	0.2929703706942139
31	0.2864648062684191
32	0.29602175812671505
33	0.3642672204704603
34	0.3485728796781012
35	0.4072720515770409
36	0.4165303091669567
37	0.4095443503416055
38	0.2743991169677745
39	0.31450257309000146
40	0.37221529537392084
41	0.3083497244133482
42	0.355093255049825
43	0.4275228726279254
44	0.44144471123732215
45	0.3634424120928799
46	0.2427867179643087
47	0.3973859761740974
48	0.34749609471015747
49	0.5860151824115208
50	0.4190320307030184
51	0.4287704111240369
52	0.6033705218044234
53	0.6983100276877274
54	0.39133875906802057
55	0.25605128305863606
56	0.2893710514433013
57	0.40359209995363654
58	0.25307603528497186
59	0.29069062673605195
60	0.4970313443173617
61	0.3286739034609489
62	0.36128853211771833
63	0.8246371576350614
64	0.32094046520921576
65	0.3330938786404854
66	0.3389283581150743
67	0.3390231669399728
68	0.3246507345533965
69	0.4739708894618108
70	0.39947401649333636
71	0.36924935329291664
72	0.3475318953273019
73	0.37914854313446317
74	0.25947947054474624
75	0.4363748117846721
76	0.47803895383132633
77	0.3019509846393638
78	0.2543937253886957
79	0.37042590066620895
80	0.3889929101379452
81	0.38419945978646497
82	0.404989653017721
83	0.30954782707668427
84	0.2767168304909988
85	0.3251595743387351
86	0.33739025150026836
87	0.28675832222348974
88	0.2815808564749525
89	0.3610302639966092
90	0.33559823607142714
91	0.26789848773190933
92	0.28868642854915666
93	0.3400980517327516
94	0.4897938375073396
95	0.3052219360773935
96	0.2883208490346485
97	0.30500081407624224
98	0.30297478201710926
99	0.27115717044957033
100	0.22629572443075605
141	0.3533724125983014
142	0.7208968291912163
143	0.26794290426400674
144	0.23505099349545655
145	0.7720911251817559
146	0.9278460448412951
147	0.3767308104807328
148	0.4279344586723749
149	0.28259046295891765
150	0.33148128793176124
151	0.39907953384938566
152	0.40022374540393835
153	0.3292502052055826
154	0.2774465485904975
155	0.24449133598728182
156	0.3100248630626961
157	0.3394920456294143
158	0.3031567192914772
159	0.2788868575513168
160	0.3362789372558284
161	0.32365836935753745
162	0.31972198319316797
163	0.29783989544843276
164	0.28897420070904073
165	0.3109404471349991
