101	0.3098661140182268
102	0.3478502000239066
103	0.3162695615108007
104	0.3917791658781674
105	0.3978196827692598
106	0.30863852998178987
107	0.45456549858491013
108	0.26176736826848357
109	0.3968399926212145
110	0.35336501323793257
111	0.42754322658794575
112	0.357228214858098
113	0.36757409473796276
114	0.2872091692232686
115	0.3888349566226241
116	0.2963689567894843
117	0.6277126446634161
118	0.41600619204136213
119	0.3001849267756858
120	0.4226802875302869
121	0.6939305263053642
122	0.7219242096726587
123	0.6779306419310303
124	0.5755291461030168
125	0.5639496146124974
126	0.5811724353910848
127	0.9465381279819471
128	0.6168137049153485
129	0.5321728679430602
130	0.6039479764683718
131	0.6744650361078536
132	0.5603302316247297
133	0.5735094945158163
134	0.6169576574379966
135	0.7064373522738683
136	0.5094564742600564
137	0.7837944594395256
138	0.913155630449456
139	0.8168089244232655
140	0.6640919477459961
166	0.3626096786537158
167	0.35776803836897625
168	0.5368422959328374
169	0.31784432348905994
170	0.2406849107657037
171	0.8140577925951624
172	0.6889442112347746
173	0.5493556884517582
174	0.49282167134147314
175	0.7208969254397276
