1	0.21223493710731847
2	0.3069689366217562
3	0.24553807972648412
4	0.26348743873989255
5	0.23272255371827263
6	0.2882860684939197
7	0.2727884023582461
8	0.2863343816087649
9	0.2682607563275638
10	0.40835651909770554
11	0.2399626734223662
12	0.31961775536859494
13	0.3167790065978074
14	0.2618589048389382
15	0.25517114415562653
16	0.422497612580064
17	0.30161725549284774
18	0.19988628370630937
19	0.2908312118870128
20	0.28869957988737005
21	0.22061367401481885
22	0.3475604307691974
23	0.29733520140350544
24	0.27230763703442507
25	0.29298968987057555
26	0.40275687608024785
27	0.2564672481547119
28	0.3465102536771344
29	0.22953050409539857
30	0.23509463898430713
31	0.34757570006789423
32	0.3889978923775642
33	0.25124753621785506
34	0.260262658806905
35	0.30058797408934057
36	0.351894579015988
37	0.25673722286083894
38	0.2213809134895004
39	0.26982186090728466
40	0.25360857084639365
41	0.5049084344059913
42	0.25571048925403833
43	0.23607265983645667
44	0.2521244726446514
45	0.23507344670129338
46	0.18214319718778454
47	0.3552927927134442
48	0.22999022996660962
49	0.2897993333834527
50	0.2803789912777014
