1	0.38657475875730224
2	0.22443619964999179
3	0.7253857338308181
4	0.6687752978006224
5	0.31604818047388006
6	0.3187581963819347
7	0.6923653424429304
8	0.393002295159842
9	0.3118517041725971
10	0.27404922164683787
11	0.4060428840826711
12	0.3587076992357513
13	0.2888465885896503
14	0.36858367521650737
15	0.467041998250982
16	0.5111467406821497
17	0.423683259688086
18	0.39459732554011306
19	0.36741538571679083
20	0.3645036412327548
21	0.2880335470076385
22	0.22993102410418279
23	0.2963213970147718
24	0.2625756921486345
25	0.4124308227558717
26	0.7049340572259777
27	0.3922931966307064
28	0.33095722231494
29	0.25527786403679265
30	0.2767386035042361
31	0.1945218484049676
32	0.2459575050637528
33	0.2775381348854965
34	0.26464620093158847
35	0.3338234955823654
36	0.2787295745654565
37	0.31810075019353606
38	0.2182188953082993
39	0.36450772072635096
40	0.36394739403314624
41	0.261892918304183
42	0.43595297152501694
43	0.37141235163399405
44	0.3285328502051968
45	0.31308503431524004
46	0.23460381632059288
47	0.3144666225325407
48	0.32103309780946204
49	0.5764897267901401
50	0.25895393218903173
51	0.3558463773649231
52	0.48306263818032746
53	0.6674087102830495
54	0.35281848373607744
55	0.26758712869934126
56	0.3279797352113802
57	0.33898199997596057
58	0.3149508154999877
59	0.2991196938640508
60	0.39101978168079937
61	0.36015564390107435
62	0.34551289495431925
63	0.8246371576350614
64	0.38589057854892805
65	0.35420240008555554
66	0.39236278776363454
67	0.30679377510759026
68	0.5210803642390369
69	0.46399231691043913
70	0.44606228353979044
71	0.29272182853545164
72	0.3475318953273019
73	0.44763058232548436
74	0.27176868965819967
75	0.430208755919279
76	0.4413917425218451
77	0.25955069834442185
78	0.2543937253886957
79	0.4782740511804374
80	0.3869247121308212
81	0.3589379071464539
82	0.28853430417327547
83	0.2448592819893741
84	0.2521718898035096
85	0.2888243104299157
86	0.30272662793297006
87	0.22538627615892257
88	0.2475514108423186
89	0.30472122636695975
90	0.25126223494699
91	0.21586560481165257
92	0.19542653898015802
93	0.35436077803887256
94	0.44644582615474243
95	0.3307246909513838
96	0.29680126228457454
97	0.26684784083339536
98	0.3812212656808164
99	0.30904922663147727
100	0.22343971564144197
141	0.35947681201909576
142	0.7208968291912163
143	0.2812487880138494
144	0.2796460005555964
145	0.9138103292435993
146	0.9129681293694247
147	0.471347772364383
148	0.4513388198506697
149	0.2652140617041495
150	0.3214668420023975
151	0.369246645830209
152	0.34210876475700214
153	0.4220329499114455
154	0.29103088674936856
155	0.250531568268401
156	0.2611450003459056
157	0.2716315109583599
158	0.2585337549508516
159	0.24861283357462502
160	0.3303420061289072
161	0.3091271385928394
162	0.23410546317427663
163	0.2918541720886315
164	0.3394279322418573
165	0.461700198211623
