1	0.8949999999999999
2	0.7505832183619716
3	0.9
4	0.9
5	0.645820318612278
6	0.6574918397090476
7	0.6776532190487993
8	0.8607713666607294
9	0.78
10	0.9
11	0.9
12	0.79
13	0.5028051850906314
14	0.7599712815747721
15	0.8831071338178399
16	0.8
17	0.6174923650168418
18	0.9748250995587128
19	0.9107699430018187
20	0.79
21	0.9254388707775505
22	0.9212307140396329
23	0.7466350090060587
24	0.647342205564952
25	0.8
26	0.89
27	0.7878722983884823
28	0.9224856006469395
29	0.671059509348512
30	0.9663305276258475
31	0.9243834103926576
32	0.7642718921500122
33	0.804208608474109
34	0.7211728395061728
35	0.9
36	0.6986831150257766
37	0.9064285714285714
38	0.9
39	0.6486694131553723
40	0.6838131837972194
41	0.6483257646763848
42	0.7641773162939297
43	0.9
44	0.7454290320897015
45	0.7385215794306703
46	0.8451375961149333
47	0.8909483218110321
48	0.9
49	0.808197997775306
50	0.8053308845120307
