1	0.7010058568882098
2	0.9949999999999999
3	0.8821739130434783
4	0.8128571428571428
5	0.875026471839966
6	0.9174192583732058
7	0.7891457069901053
8	0.8928571428571429
9	0.7729371122319876
10	0.940539481615431
11	0.7100179297817915
12	0.8865482764206305
13	0.9517330228948389
14	1.0
15	0.7233884595778703
16	1.0
17	0.9592375366568916
18	0.9828522656734947
19	0.83958676308348
20	0.9949999999999999
21	0.9
22	0.6604777070063694
23	0.9362326869806094
24	0.8329268292682925
25	0.9362495806253882
26	0.6867037259438888
27	1.0
28	0.6241379310344828
29	0.9798644755794161
30	0.9949999999999999
31	0.9949999999999999
32	1.0
33	0.9636254019292604
34	1.0
35	0.8188747739070212
36	0.9722872691292876
37	0.8512390924956371
38	1.0
39	0.9098913043478263
40	0.8415434101690756
41	0.9291666666666668
42	0.9949999999999999
43	0.9753384930166356
44	0.9230896605234582
45	0.7944507345905855
46	0.7676462156228648
47	0.9
48	0.7767694640969243
49	0.7489931780292318
50	0.928906226475355
51	0.8919230769230768
52	0.8168541289399371
53	0.6964634146341464
54	0.9949999999999999
55	0.9692510138924844
56	0.9007600900382139
57	0.8704615384615385
58	0.7253172489425035
59	0.9042421528679532
60	0.8870970452302924
61	1.0
62	0.9
63	0.710322758523658
64	0.9511307030238403
65	0.9455722605986727
66	0.975683295823956
67	0.9323330399216131
68	0.9394195526965368
69	0.9315349268113146
70	0.7910612290962018
71	0.8455
72	0.9304456999372253
73	0.9
74	1.0
75	0.8669756872701762
76	0.9386819862651876
77	1.0
78	1.0
79	0.9949999999999999
80	0.764771568755644
81	1.0
82	0.8805741574030872
83	0.8949999999999999
84	0.9
85	0.8501418133111743
86	0.7510881357156143
87	0.99
88	0.9662585331218132
89	0.961066398390342
90	1.0
91	0.9138461538461538
92	0.8883358358358358
93	0.9288416988416989
94	0.8968786936869954
95	0.9949999999999999
96	0.866865860740791
97	0.84354758119464
98	0.9
99	0.7097910272759274
100	0.9949999999999999
141	0.9172307692307692
142	0.6077171355615338
143	0.8893795284221158
144	0.9541666666666666
145	0.6864961496149615
146	0.49486174987469056
147	0.8877985643221985
148	0.9860675206561238
149	0.9466223698781839
150	1.0
151	0.9586363636363636
152	0.9
153	1.0
154	0.9949999999999999
155	0.8254901786178083
156	1.0
157	0.7939197068132601
158	0.9460839694656489
159	0.961733958183129
160	0.9949999999999999
161	0.9949999999999999
162	0.8121889140271493
163	0.7914120612828205
164	0.7788117747824037
165	0.8149828684503764
