101	0.22649152484394278
102	0.34860830579990093
103	0.22563383522183067
104	0.22221897600155044
105	0.32249967352977527
106	0.24298893423008275
107	0.2319469911958119
108	0.2690002269078601
109	0.24913878748702803
110	0.2262182821408769
111	0.23343890145255408
112	0.20937274813103465
113	0.2324934025413435
114	0.20112058453334566
115	0.27645218382424436
116	0.19612673910328418
117	0.19485638327102525
118	0.23839030927152277
119	0.22153019095059973
120	0.21431332185506374
121	0.3562422932497333
122	0.3545085899002073
123	0.2909709866846981
124	0.3745412288871643
125	0.27554389115537103
126	0.34647003180330926
127	0.35348386029965845
128	0.2687956893637662
129	0.34006775612489887
130	0.26799799796231805
131	0.30554820180613224
132	0.25505636451365765
133	0.2646904233767341
134	0.27025085709203006
135	0.5613509210585168
136	0.3024395936767063
137	0.27186537813056444
138	0.2979416791265575
139	0.2760259779464355
140	0.4365219699781026
166	0.3833070584527069
167	0.2490678947113621
168	0.2171046723038489
169	0.2560996878986928
170	0.2577281393136854
171	0.46999530838240355
172	0.28902320243036494
173	0.2591203116796777
174	0.2627955070866358
175	0.525990511862476
