101	0.20678828778445624
102	0.7933071189102611
103	0.1707703862315954
104	0.25927900328377235
105	0.2371378388525652
106	0.17107941859270076
107	0.24016837340155656
108	0.2048657060445856
109	0.2387380602473094
110	0.19791166174700173
111	0.23075761565823197
112	0.11427090671352555
113	0.30074442422102104
114	0.2002722490908051
115	0.23021816367004835
116	0.1164521837097287
117	0.16778237013106148
118	0.4567753838303143
119	0.20353295645174305
120	0.21043451832165494
121	0.4639697927934172
122	0.3656498326078635
123	0.1705539418433371
124	0.19231508615047083
125	0.20802624650035537
126	0.21585696935586524
127	0.137379116811138
128	0.2611692288678338
129	0.1751997180379093
130	0.22977064054275503
131	0.199016395442587
132	0.1951715456291256
133	0.20715798017635406
134	0.2388055009546873
135	0.3071187184241612
136	0.2260608234264768
137	0.23698389645315246
138	0.18151598307579025
139	0.22068440194578431
140	0.16005314908584198
166	0.201317775791436
167	0.21322088652296473
168	0.2721830643879897
169	0.24249069478923874
170	0.30686078629500735
171	0.3266395875908824
172	0.1944402291241901
173	0.2013425195090608
174	0.20259795237633424
175	0.2519324110347904
