1	0.2954734268370427
2	0.3781968266708426
3	0.22813882611948724
4	0.2440411074315991
5	0.25556535444780304
6	0.35628116893272277
7	0.28153523848876844
8	0.3690567920600584
9	0.2844773133059882
10	0.32270462513890935
11	0.32188228699045507
12	0.32270233362206163
13	0.2887127648546436
14	0.32157959408671494
15	0.20696805236922933
16	0.3077599472263726
17	0.260760301732252
18	0.5035802087078061
19	0.32704959215705476
20	0.30028071281988217
21	0.27088382328839583
22	0.30620203580640826
23	0.36610979099235635
24	0.3224921911515819
25	0.24204892246979318
26	0.3242392828635309
27	0.31382079666028634
28	0.2929184255793958
29	0.23815916724112773
30	0.265064002554633
31	0.3871517109787341
32	0.3595768669156929
33	0.32383948360416825
34	0.35487473679372616
35	0.282007324979915
36	0.31882679771636435
37	0.24888751677108906
38	0.34813785857588847
39	0.5645486773016224
40	0.22118474915473751
41	0.4884425410158372
42	0.312175863537535
43	0.27894411252368023
44	0.2571352872963515
45	0.2982111210994943
46	0.2593868782490855
47	0.32230927234263285
48	0.2899286604743786
49	0.44515338369665414
50	0.3493829771368018
