1	0.26725021895378037
2	0.2626628261147625
3	0.29277628258003086
4	0.28042057400101233
5	0.3123507728150165
6	0.3153215227223309
7	0.26988148837810455
8	0.37818254431647735
9	0.3405294718999071
10	0.3765174375228535
11	0.32039725212729087
12	0.39155008301129257
13	0.24733493615856925
14	0.25232345443352905
15	0.33499608702096906
16	0.5350166256828603
17	0.3171949973054474
18	0.29023923996748197
19	0.37893353497042326
20	0.30668996092524387
21	0.2851319710347482
22	0.3460397332171921
23	0.2851227195452009
24	0.30314139674561985
25	0.16109212021945904
26	0.3122095915302106
27	0.1327165010305089
28	0.363430507941301
29	0.1911180496320958
30	0.25705715959552655
31	0.23547576684212873
32	0.24412015579305174
33	0.26713835254402096
34	0.2316360419082687
35	0.392334997668027
36	0.3933657144421606
37	0.36983944068136004
38	0.2766320318199337
39	0.27407992489984756
40	0.3412277421299202
41	0.30882208331406596
42	0.2594639563146715
43	0.2606484288950427
44	0.36897102925725184
45	0.2686689748736079
46	0.255125122650919
47	0.3404748813635087
48	0.30964149200179397
49	0.5865264340481695
50	0.282852061460269
51	0.32195939037516447
52	0.33303959052427756
53	0.25371939671398425
54	0.29619947389958656
55	0.23063427204986625
56	0.3647529947265614
57	0.4358695876436252
58	0.37243299955661213
59	0.3021176538443421
60	0.36406777310819294
61	0.2689610172661424
62	0.29134338433565643
63	0.2771120806175406
64	0.35930629471497033
65	0.34088894229464134
66	0.37048693350369966
67	0.2523002377287502
68	0.3146239512098401
69	0.2712263824456184
70	0.2981768064345279
71	0.27493096044621496
72	0.17039537387181586
73	0.22950254573332565
74	0.25270046152609277
75	0.292378745920423
76	0.26525748240795044
77	0.6980792339839713
78	0.1692244852038194
79	0.21735963188408786
80	0.29290894439191006
81	0.36828189775955394
82	0.40498965301772105
83	0.3023271033280294
84	0.3512402848280635
85	0.31486456351534853
86	0.2895694167663507
87	0.3839240043929174
88	0.30995311330955816
89	0.3636138512505352
90	0.2451449354732389
91	0.23492342044896192
92	0.2200821485017853
93	0.24883811660571875
94	0.26173830420060273
95	0.29749687292682253
96	0.2751097659636474
97	0.3963045696310048
98	0.29200537677561766
99	0.2661484154254997
100	0.24615154359111086
141	0.3283716798014866
142	0.29910046972660753
143	0.3230903825594659
144	0.2881142986745754
145	0.2880946010230384
146	0.2773070082625701
147	0.2853702398671023
148	0.29266392326833574
149	0.24247256726320893
150	0.23650192387534286
151	0.35199854953575904
152	0.34624367879599643
153	0.21799603751672572
154	0.33662994443987804
155	0.20732427129816822
156	0.2158068902178552
157	0.35732520499756054
158	0.23447640793847088
159	0.2941515740638282
160	0.3011077274125661
161	0.2977276954997145
162	0.37074158055896833
163	0.3382385151718948
164	0.24942642850707952
165	0.3212330658605763
