101	0.8416916729182295
102	0.19629787020013226
103	0.9
104	0.9197353357128426
105	0.7454813863928113
106	1.0
107	0.9
108	1.0
109	0.8948526724764847
110	0.964994483651805
111	0.8240000000000001
112	0.9806729100919436
113	0.7
114	0.9
115	0.8098589292316147
116	1.0
117	0.9
118	0.8180439114152518
119	0.9
120	0.830952380952381
121	1.0
122	1.0
123	0.934375
124	0.9085281441817944
125	0.9291666666666666
126	0.93
127	0.9111904761904761
128	0.7570658154803737
129	0.9314814814814815
130	0.8363636363636363
131	0.9261904761904762
132	0.9083921479754814
133	0.9261904761904762
134	0.8359408602150538
135	1.0
136	0.9272727272727274
137	0.8350505050505049
138	0.925
139	0.9282608695652174
140	0.9192307692307693
166	0.8333333333333334
167	0.8318181818181818
168	0.9
169	0.7980378657487092
170	0.7
171	0.8909051611105692
172	0.925
173	0.8971267809209168
174	0.9272727272727274
175	0.9949999999999999
